ITS2 type profile UID		1333589	1333234	1333000	1332873	1333795	1333796	1333561	1332930	1332959	1333731	1339629	1333235	1337449	1337455	1337451	1339604	1337456	1336462	1339579	1337452	1337664	1337551	1337733	1337402	1337168	1337447	1337732	1337641	1336878	1337735	1337759	1339559	1336489	1335852	1336877	1335865	1337411	1337158	1335890	1335891	1337437	1336803	1335660	1334511	1336948	1335679	1338394	1338250	1338116	1338430	1338619	1339309
Clade		A	A	A	A	A	A	A	A	A	A	A	A	C	C	C	C	C	C	C	C	C	C	C	C	C	C	C	C	C	C	C	C	C	C	C	C	C	C	C	C	C	C	C	C	C	C	D	D	D	D	D	F
Majority ITS2 sequence		A1	A1gr/A1gd	A1	A1	A1qf	A1qe	A1	A1	A1	A2y	A1gd	A1	C3/C50b	C3k/C3	C3k/C3	C1	C3/C50b	C1/C21	C3bo	C3k/C3	C21/C21du	C21dw/C3	C50b	C3a/C21	C26/C21ac	C50b	C3k	C1p	C1	C21	C31	C3	C3	C21	C1	C31	C1	C21	C3	C3k	C21dw	C1	C15k	C50b	C3k	C1	D1	D1	D1	D1	D1	F4q
Associated species		None	None	None	None	None	None	None	None	None	None	None	None	None	None	None	None	None	None	None	None	None	None	None	None	None	None	None	None	None	None	None	None	None	None	None	None	None	None	None	None	None	None	None	None	None	None	None	None	None	None	None	None
ITS2 profile abundance local		2	2	1	1	1	1	1	1	1	1	1	1	52	45	35	16	12	5	5	5	4	4	3	3	3	3	2	2	2	1	1	1	1	1	1	1	1	1	1	1	1	1	1	1	1	1	15	3	2	1	1	1
ITS2 profile abundance DB		367	55	38	84	1	1	4	19	103	6	4	17	87	283	356	1721	118	222	50	25	17	4	42	133	31	63	46	5	118	65	16	11	10	10	3	5	43	11	6	4	26	25	28	39	94	26	30	315	15	50	5	1
ITS2 type profile		A1	A1/A1gr/A1gd	A1-A1eq-A1ep-A1hw	A1/A1g	A1qf	A1qe	A1-A1qd-A1qe	A1/A1cl	A1-A1bw-A1bf-A1bx-A1eb	A2y	A1gd	A1-A1gr-A1gd-A1mm-A1bf	C3/C50b-C3bm-C50f-C21-C3b-C3acq	C3k/C3-C50a-C3ba-C50f-C3dq-C21ab-C3a-C3b	C3k/C3-C50a-C3ba-C29-C21ab-C50f-C3dq-C3a	C1/C3-C1c-C1b-C72k-C3ju	C50b/C3-C3bm-C50f-C21-C3b-C21ba	C21/C1	C3bo/C3k/C3-C3bp-C50a-C3jq-C3a-C3dq	C3k/C3-C3ba-C3a-C50f-C3dq-C50a-C3acr-C50aj	C21du/C21	C21dw/C3-C21fc-C21fz-C26	C50b	C21/C3a	C26/C21ac	C50b-C3-C3bm-C50f-C21-C3b	C3k	C1p-C3ds-C1	C3k/C1/C3-C1c-C50a-C3dq-C1b-C3ba-C50y	C21	C31	C3fn/C3-C3fv-C115d	C50b/C3-C3k-C50a-C50f-C3ba	C31/C21	C3k/C1-C3-C50a-C3cz-C3ba	C31-C21-C21ac	C1/C7	C26/C21-C21ac-C50b	C3bo/C3/C3k-C50a-C3bp-C29	C3k-C3-C50a-C3jv-C21ab	C21dw/C21fc-C21fz-C21fh-C3-C21ac-C21fg-C21gb-C21ez-C21gc	C1-C21-C1c	C15h/C15k	C50b-C3-C3bh-C3bm-C50f	C3/C3k-C50a-C3.10-C3gj-C21-C21cf	C3k/C1/C3/C42.2-C50a-C1b	D1/D2.2/D4-D2	D1-D4-D2-D1u-D2.2	D1/D4-D2-D17c-D17d-D1r-D17e	D1-D17i-D4-D1r-D17s-D17r	D1/D17i	F4q
227305	I066-24	0	0	0	0	0	0	0	0	0	0	0	0	15168.0	0	0	0	0	0	0	0	0	0	0	0	0	0	0	0	0	0	0	0	0	0	0	0	0	0	0	0	0	0	0	0	0	0	0	0	0	0	0	0
227289	I048-24	0	0	0	0	0	0	0	0	0	0	0	0	23967.0	0	0	0	0	0	0	0	0	0	0	0	0	0	0	0	0	0	0	0	0	0	0	0	0	0	0	0	0	0	0	0	0	0	0	0	0	0	0	0
227286	I041-24	0	0	0	0	0	0	0	0	0	0	0	0	19766.0	0	0	0	0	0	0	0	0	0	0	0	0	0	0	0	0	0	0	0	0	0	0	0	0	0	0	0	0	0	0	0	0	0	0	0	0	0	0	0
227290	I049-24	0	0	0	0	0	0	0	0	0	0	0	0	17544.0	0	0	0	0	0	0	0	0	0	0	0	0	0	0	0	0	0	0	0	0	0	0	0	0	0	0	0	0	0	0	0	0	0	0	0	0	0	0	0
227264	I008-24	0	0	0	0	0	0	0	0	0	0	0	0	6736.0	0	0	0	0	0	0	0	0	0	0	0	0	0	0	0	0	0	0	0	0	0	0	0	0	0	0	0	0	0	0	0	0	0	0	0	0	0	0	0
227262	I006-24	0	0	0	0	0	0	0	0	0	0	0	0	12052.0	0	0	0	0	0	0	0	0	0	0	0	0	0	0	0	0	0	0	0	0	0	0	0	0	0	0	0	0	0	0	0	0	0	0	0	0	0	0	0
227306	I067-24	0	0	0	0	0	0	0	0	0	0	0	0	33214.0	0	0	0	0	0	0	0	0	0	0	0	0	0	0	0	0	0	0	0	0	0	0	0	0	0	0	0	0	0	0	0	0	0	0	0	0	0	0	0
227276	I026-24	0	0	0	0	0	0	0	0	0	0	0	0	17775.0	0	0	0	0	0	0	0	0	0	0	0	0	0	0	0	0	0	0	0	0	0	0	0	0	0	0	0	0	0	0	0	0	0	0	0	0	0	0	0
227274	I022-24	0	0	0	0	0	0	0	0	0	0	0	0	7174.0	0	0	0	0	0	0	0	0	0	0	0	0	0	0	0	0	0	0	0	0	0	0	0	0	0	0	0	0	0	0	0	0	0	0	0	0	0	0	0
227307	I068-24	0	0	0	0	0	0	0	0	0	0	0	0	21794.0	0	0	0	0	0	0	0	0	0	0	0	0	0	0	0	0	0	0	0	0	0	0	0	0	0	0	0	0	0	0	0	0	0	0	0	0	0	0	0
227281	I033-24	0	0	0	0	0	0	0	0	0	0	0	0	5908.0	0	0	0	0	0	0	0	0	0	0	0	0	0	0	0	0	0	0	0	0	0	0	0	0	0	0	0	0	0	0	0	0	0	0	0	0	0	0	0
227273	I021-24	0	0	0	0	0	0	0	0	0	0	0	0	11299.0	0	0	0	0	0	0	0	0	0	0	0	0	0	0	0	0	0	0	0	0	0	0	0	0	0	0	0	0	0	0	0	0	0	0	0	0	0	0	0
227288	I043-24	0	0	0	0	0	0	0	0	0	0	0	0	11303.0	0	0	0	0	0	0	0	0	0	0	0	0	0	0	0	0	0	0	0	0	0	0	0	0	0	0	0	0	0	189.0	0	0	0	0	0	0	0	0	0
227277	I027-24	0	0	0	0	0	0	0	0	0	0	0	0	30333.0	0	0	0	0	0	0	0	0	0	0	0	0	0	0	0	0	0	0	0	0	0	0	0	0	0	0	0	0	0	0	0	0	0	0	0	0	0	0	0
227280	I030-24	0	0	0	0	0	0	0	0	0	0	0	0	25509.0	0	0	0	0	0	0	0	0	0	0	0	0	0	0	0	0	0	0	0	0	0	0	0	0	0	0	0	0	0	0	0	0	0	0	0	0	0	0	0
227278	I028-24	0	0	0	0	0	0	0	0	0	0	0	0	16011.0	0	0	0	0	0	0	0	0	0	0	0	0	0	0	0	0	0	0	0	0	0	0	0	0	0	0	0	0	0	0	0	0	0	0	0	0	0	0	0
227285	I040-24	0	0	0	0	0	0	0	0	0	0	0	0	25745.0	0	0	0	0	0	0	0	0	0	0	0	0	0	0	0	0	0	0	0	0	0	0	0	0	0	0	0	0	0	0	0	0	0	0	0	0	0	0	0
227287	I042-24	0	0	0	0	0	0	0	0	0	0	0	0	31972.0	0	0	0	0	0	0	0	0	0	0	0	0	0	0	0	0	0	0	0	0	0	0	0	0	0	0	0	0	0	0	0	0	0	0	0	0	0	0	0
227294	I053-24	0	0	0	0	0	0	0	0	0	0	0	0	19319.0	0	0	0	0	0	0	0	0	0	0	0	0	0	0	0	0	0	0	0	0	0	0	0	0	0	0	0	0	0	0	0	0	0	0	0	0	0	0	0
227296	I055-24	0	0	0	0	0	0	0	0	0	0	0	0	15733.0	0	0	0	0	0	0	0	0	0	0	0	0	0	0	0	0	0	0	0	0	0	0	0	0	0	0	0	0	0	0	0	0	0	0	0	0	0	0	0
227304	I065-24	0	0	0	0	0	0	0	0	0	0	0	0	42257.0	0	0	0	0	0	0	0	0	0	0	0	0	0	0	0	0	0	0	0	0	0	0	0	0	0	0	0	0	0	0	0	0	0	0	0	0	0	0	0
227297	I056-24	0	0	0	0	0	0	0	0	0	0	0	0	32419.0	0	0	0	0	0	0	0	0	0	0	0	0	0	0	0	0	0	0	0	0	0	0	0	0	0	0	0	0	0	0	0	0	0	0	0	0	0	0	0
227284	I036-24	0	0	0	0	0	0	0	0	0	0	0	0	17297.0	0	0	0	0	0	0	0	0	0	0	0	0	0	0	0	0	0	0	0	0	0	0	0	0	0	0	0	0	0	0	0	0	0	0	0	0	0	0	0
227282	I034-24	0	0	0	0	0	0	0	0	0	0	0	0	19301.0	0	0	0	0	0	0	0	0	0	0	0	0	0	0	0	0	0	0	0	0	0	0	0	0	0	0	0	0	0	0	0	0	0	0	0	0	0	0	0
227301	I062-24	0	0	0	0	0	0	0	0	0	0	0	0	44142.0	0	0	0	0	0	0	0	0	0	0	0	0	0	0	0	0	0	0	0	0	0	0	0	0	0	0	0	0	0	0	0	0	0	0	0	0	0	0	0
227283	I035-24	0	0	0	0	0	0	0	0	0	0	0	0	28894.0	0	0	0	0	0	0	0	0	0	0	0	0	0	0	0	0	0	0	0	0	0	0	0	0	0	0	0	0	0	0	0	0	0	0	0	0	0	0	0
227266	I010-24	0	0	0	0	0	0	0	0	0	0	0	0	21353.0	0	0	0	0	0	0	0	0	0	0	0	0	0	0	0	0	0	0	0	0	0	0	0	0	0	0	0	0	0	0	0	0	0	0	0	0	0	0	0
227311	I075-24	0	0	0	0	0	0	0	0	0	0	0	0	31537.0	0	0	0	0	0	0	0	0	0	0	0	0	0	0	0	0	0	0	0	0	0	0	0	0	0	0	0	0	0	0	0	0	0	0	0	0	0	0	0
227269	I015-24	0	116.0	0	0	0	0	0	0	0	0	0	0	36098.0	0	0	0	0	0	0	0	0	0	0	0	0	0	0	0	0	0	0	0	0	0	0	0	0	0	0	0	0	0	0	0	0	0	0	0	0	0	0	0
227271	I019-24	0	0	0	0	0	0	0	0	0	0	0	0	13213.0	0	0	0	0	0	0	0	0	0	0	0	0	0	0	0	0	0	0	0	0	0	0	0	0	0	0	0	0	0	0	0	0	0	0	0	0	0	0	0
227270	I018-24	0	0	0	0	0	0	0	0	0	0	0	0	23781.0	0	0	0	0	0	0	0	0	0	0	0	0	0	0	0	0	0	0	0	0	0	0	0	0	0	0	0	0	0	0	0	0	0	0	0	0	0	0	0
227312	I076-24	0	0	0	0	0	0	0	0	0	0	0	0	17700.0	0	0	0	0	0	0	0	0	0	0	0	0	0	0	0	0	0	0	0	0	0	0	0	0	0	0	0	0	0	0	0	0	0	0	0	0	0	0	0
227295	I054-24	0	0	0	0	0	0	0	0	0	0	0	0	41710.0	0	0	0	0	0	0	0	0	0	0	0	0	0	0	0	0	0	0	0	0	0	0	0	0	0	0	0	0	0	0	0	0	0	0	0	0	0	0	0
227291	I050-24	0	0	0	0	0	0	0	0	0	0	0	0	33780.0	0	0	0	0	0	0	0	0	0	0	0	0	0	0	0	0	0	0	0	0	0	0	0	0	0	0	0	0	0	0	0	0	0	0	0	0	0	0	0
227308	I069-24	0	0	0	0	0	0	0	0	0	0	0	0	46535.0	0	0	0	0	0	0	0	0	0	0	0	0	0	0	0	0	0	0	0	0	0	0	0	0	0	0	0	0	0	0	0	0	0	0	0	0	0	0	0
227298	I057-24	0	0	0	0	0	0	0	0	0	0	0	0	30506.0	0	0	0	0	0	0	0	0	0	0	0	0	0	0	0	0	0	0	0	0	0	0	0	0	0	0	0	0	0	0	0	0	0	0	0	0	0	0	0
227257	I001-24	0	0	0	0	0	0	0	0	0	0	0	0	9641.0	0	0	0	0	0	0	0	0	0	0	0	0	0	0	0	0	0	0	0	0	0	0	0	0	0	0	0	0	0	0	0	0	0	0	0	0	0	0	0
227258	I002-24	0	0	0	0	0	0	0	0	0	0	0	0	29506.0	0	0	0	0	0	0	0	0	0	0	0	0	0	0	0	0	0	0	0	0	0	0	0	0	0	0	0	0	0	0	0	0	0	0	0	0	0	0	0
227302	I063-24	0	0	0	0	0	0	0	0	0	0	0	0	31178.0	0	0	0	0	0	0	0	0	0	0	0	0	0	0	0	0	0	0	0	0	0	0	0	0	0	0	0	0	0	0	0	0	0	0	0	0	0	0	0
227272	I020-24	0	0	0	0	0	0	0	0	0	0	0	0	2197.0	0	0	0	0	0	0	0	0	0	0	0	0	0	0	0	0	0	0	0	0	0	0	0	0	0	0	0	0	0	0	0	0	0	0	0	0	0	0	0
227261	I005-24	0	0	0	0	0	0	0	0	0	0	0	0	19033.0	0	0	0	0	0	0	0	0	0	0	0	0	0	0	0	0	0	0	0	0	0	0	0	0	0	0	0	0	0	0	0	0	0	0	0	0	0	0	0
227292	I051-24	0	0	0	0	0	0	0	0	0	0	0	0	59371.0	0	0	0	0	0	0	0	0	0	0	0	0	0	0	0	0	0	0	0	0	0	0	0	0	0	0	0	0	0	0	0	0	0	0	0	0	0	0	0
227260	I004-24	0	0	0	0	0	0	0	0	0	0	0	0	16762.0	0	0	0	0	0	0	0	0	0	0	0	0	0	0	0	0	0	0	0	0	0	0	0	0	0	0	0	0	0	0	0	0	0	0	0	0	0	0	0
227279	I029-24	0	0	0	0	0	0	0	0	0	0	0	0	37824.0	0	0	0	0	0	0	0	0	0	0	0	0	0	0	0	0	0	0	0	0	0	0	0	0	0	0	0	0	0	0	0	0	0	0	0	0	0	0	0
227268	I014-24	0	0	0	0	0	0	0	0	0	0	0	0	29711.0	0	0	0	0	0	0	0	0	0	0	0	0	0	0	0	0	0	0	0	0	0	0	0	0	0	0	0	0	0	0	0	0	0	0	0	0	0	0	0
227265	I009-24	0	0	0	0	0	0	0	0	0	0	0	0	10930.0	0	0	0	0	0	0	0	0	0	0	0	0	0	0	0	0	0	0	0	0	0	0	0	0	0	0	0	0	0	0	0	0	0	0	0	0	0	0	0
227300	I059-24	0	0	0	0	0	0	0	0	0	0	0	0	40835.0	0	0	0	0	0	0	0	0	0	0	0	0	0	0	0	0	0	0	0	0	0	0	0	0	0	0	0	0	0	0	0	0	0	0	0	0	0	0	0
227275	I023-24	0	0	0	0	0	0	0	0	0	0	0	0	39080.0	0	0	0	0	0	0	0	0	0	0	0	0	0	0	0	0	0	0	0	0	0	0	0	0	0	0	0	0	0	0	0	0	0	0	0	0	0	0	0
227263	I007-24	0	0	0	0	0	0	0	0	0	0	0	0	53719.0	0	0	0	0	0	0	0	0	0	0	0	0	0	0	0	0	0	0	0	0	0	0	0	0	0	0	0	0	0	0	0	0	0	0	0	0	0	0	0
227293	I052-24	0	0	0	0	0	0	0	0	0	0	0	0	19089.0	0	0	0	0	0	0	0	0	0	0	0	0	0	0	0	0	0	0	0	0	0	0	0	0	0	0	0	0	0	0	0	0	0	0	0	0	0	0	0
227267	I013-24	0	0	0	0	0	0	0	0	0	0	0	0	46930.0	0	0	0	0	0	0	0	0	0	0	0	0	0	0	0	0	0	0	0	0	0	0	0	0	0	0	0	0	0	0	0	0	0	0	0	0	0	0	0
227323	I089-24	0	0	0	0	0	0	0	0	0	0	0	0	26596.0	0	0	0	0	0	0	0	0	0	0	0	0	0	0	0	0	0	0	0	0	0	0	0	0	0	0	0	0	0	0	0	0	0	0	0	0	0	0	0
227433	I213-24	0	0	0	0	0	0	0	0	0	0	0	0	0	69352.0	0	0	0	0	0	0	0	0	0	0	0	0	0	0	0	0	0	0	0	0	0	0	0	0	0	0	0	0	0	0	0	0	0	0	0	0	0	0
227326	I092-24	0	0	0	0	0	0	0	0	0	0	0	0	0	37973.0	0	0	0	0	0	0	0	0	0	0	0	0	0	0	0	0	0	0	0	0	0	0	0	0	0	0	0	0	0	0	0	0	0	0	0	0	0	0
227358	I128-24	0	0	0	0	0	0	0	0	0	0	0	0	0	68739.0	0	0	0	0	0	0	0	0	0	0	0	0	0	0	0	0	0	0	0	0	0	0	0	0	0	0	0	0	0	0	0	0	0	0	0	0	0	0
227376	I154-24	0	0	0	0	0	0	0	0	0	0	0	0	0	46162.0	0	0	0	0	0	0	0	0	0	0	0	0	0	0	0	0	0	0	0	0	0	0	0	0	0	0	0	0	0	0	0	0	0	0	0	0	0	0
227317	I083-24	0	0	0	0	0	0	0	0	0	0	0	0	0	43925.0	0	0	0	0	0	0	0	0	0	0	0	0	0	0	0	0	0	0	0	0	0	0	0	0	0	0	0	0	0	0	0	0	0	0	0	0	0	0
227374	I152-24	0	0	0	0	0	0	0	0	0	0	0	0	0	31223.0	0	0	0	0	0	0	0	0	0	0	0	0	0	0	0	0	0	0	0	0	0	0	0	0	0	0	0	0	0	0	0	0	0	0	0	0	0	0
227418	I198-24	0	0	0	0	0	0	0	0	0	0	0	0	0	53403.0	0	0	0	0	0	0	0	0	0	0	0	0	0	0	0	0	0	0	0	0	0	0	0	0	0	0	0	0	0	0	0	0	0	0	0	0	0	0
227399	I179-24	0	0	0	0	0	0	0	0	0	0	0	0	0	56520.0	0	0	0	0	0	0	0	0	0	0	0	0	0	0	0	0	0	0	0	0	0	0	0	0	0	0	0	0	0	0	0	0	0	0	0	0	0	0
227349	I115-24	0	0	0	0	0	0	0	0	0	0	0	0	0	40453.0	0	0	0	0	0	0	0	0	0	0	0	0	0	0	0	0	0	0	0	0	0	0	0	0	0	0	0	0	0	0	0	0	0	0	0	0	0	0
227422	I202-24	0	0	0	0	0	0	0	0	0	0	0	0	0	58906.0	0	0	0	0	0	0	0	0	0	0	0	0	0	0	0	0	0	0	0	0	0	0	0	0	0	0	0	0	0	0	0	0	0	0	0	0	0	0
227322	I088-24	0	0	0	0	0	0	0	0	0	0	0	0	0	52816.0	0	0	0	0	0	0	0	0	0	0	0	0	0	0	0	0	0	0	0	0	0	0	0	0	0	0	0	0	0	0	0	0	0	0	0	0	0	0
227366	I139-24	0	0	0	0	0	0	0	0	0	0	0	0	0	42955.0	0	0	0	0	0	0	0	0	0	0	0	0	0	0	0	0	0	0	0	0	0	0	0	0	0	0	0	0	0	0	0	0	0	0	0	0	140.0	0
227385	I165-24	0	0	0	0	0	0	0	0	0	0	0	0	0	47051.0	0	0	0	0	0	0	0	0	0	0	0	0	0	0	0	0	0	0	0	0	0	0	0	0	0	0	0	0	0	0	0	0	0	0	0	0	0	0
227318	I084-24	0	0	0	0	0	0	0	0	0	0	0	0	0	30967.0	0	0	0	0	0	0	0	0	0	0	0	0	0	0	0	0	0	0	0	0	0	0	0	0	0	0	0	0	0	0	0	0	0	0	0	0	0	0
227382	I162-24	0	0	0	0	0	0	0	0	0	0	0	0	0	42352.0	0	0	0	0	0	0	0	0	0	0	0	0	0	0	0	0	0	0	0	0	0	0	0	0	0	0	0	0	0	0	0	0	0	0	0	0	0	0
227337	I103-24	0	0	0	0	0	0	0	0	0	0	0	0	0	28990.0	0	0	0	0	0	0	0	0	0	0	0	0	0	0	0	0	0	0	0	0	0	0	0	0	0	0	0	0	0	0	0	0	0	0	0	0	0	0
227315	I081-24	0	0	0	0	0	0	0	0	0	0	0	0	0	22627.0	0	0	0	0	0	0	0	0	0	0	0	0	0	0	0	0	0	0	0	0	0	0	0	0	0	0	0	0	0	0	0	0	0	0	0	0	0	0
227319	I085-24	0	0	0	0	0	0	0	0	0	0	0	0	0	54435.0	0	0	0	0	0	0	0	0	0	0	0	0	0	0	0	0	0	0	0	0	0	0	0	0	0	0	0	0	0	0	0	0	0	0	0	0	0	0
227316	I082-24	0	0	0	0	0	0	0	0	0	0	0	0	0	21502.0	0	0	0	0	0	0	0	0	0	0	0	0	0	0	0	0	0	0	0	0	0	0	0	0	0	0	0	0	0	0	0	0	0	0	0	0	0	0
227324	I090-24	0	0	0	0	0	0	0	0	0	0	0	0	0	29528.0	0	0	0	0	0	0	0	0	0	0	0	0	0	0	0	0	0	0	0	0	0	0	0	0	0	0	0	0	0	0	0	0	0	0	0	0	0	0
227340	I106-24	0	0	0	0	0	0	0	0	0	0	0	0	0	32412.0	0	0	0	0	0	0	0	0	0	0	0	0	0	0	0	0	0	0	0	0	0	0	0	0	0	0	0	0	0	0	0	0	0	0	0	2540.0	0	0
227332	I098-24	0	0	0	0	0	0	0	0	0	0	0	0	0	24592.0	0	0	0	0	0	0	0	0	0	0	0	0	0	0	0	0	0	0	0	0	0	0	0	0	0	0	0	0	0	0	0	0	0	0	0	0	0	0
227392	I172-24	0	0	0	0	0	0	0	0	0	0	0	0	0	58141.0	0	0	0	0	0	0	0	0	0	0	0	0	0	0	0	0	0	0	0	0	0	0	0	0	0	0	0	0	0	0	0	0	0	0	0	0	0	0
227375	I153-24	0	0	0	0	0	0	0	0	0	0	0	0	0	49750.0	0	0	0	0	0	0	0	0	0	0	0	0	0	0	0	0	0	0	0	0	0	0	0	0	0	0	0	0	0	0	0	0	0	0	0	0	0	0
227343	I109-24	0	0	0	0	0	0	0	0	0	0	0	0	0	31188.0	0	0	0	0	0	0	0	0	0	0	0	0	0	0	0	0	0	0	0	0	0	0	0	0	0	0	0	0	0	0	0	0	0	0	0	0	0	0
227321	I087-24	0	0	0	0	0	0	0	0	0	0	0	0	0	21414.0	0	0	0	0	0	0	0	0	0	0	0	0	0	0	0	0	0	0	0	0	0	0	0	0	0	0	0	0	0	0	0	0	0	0	0	0	0	0
227360	I130-24	0	0	0	0	0	0	0	0	0	0	0	0	0	39755.0	0	0	0	0	0	0	0	0	0	0	0	0	0	0	0	0	0	0	0	0	0	0	0	0	0	0	0	0	0	0	0	0	0	0	0	0	0	0
227357	I127-24	0	0	0	0	0	0	0	0	0	0	0	0	0	27595.0	0	0	0	0	0	0	0	0	0	0	0	0	0	0	0	0	0	0	0	0	0	0	0	0	0	0	0	0	0	0	0	0	0	0	0	0	0	0
227327	I093-24	0	0	0	0	0	0	0	0	0	0	0	0	0	59059.0	0	0	0	1890.0	0	0	0	0	0	0	0	0	0	0	0	0	0	0	0	0	0	0	0	0	0	0	0	0	0	0	0	0	0	0	0	0	0	0
227396	I176-24	0	0	0	0	0	0	0	0	0	0	0	0	0	44882.0	0	0	0	0	0	0	0	0	0	0	0	0	0	0	0	0	0	0	0	0	0	0	0	0	0	0	0	0	0	0	0	0	0	0	0	0	0	0
227314	I080-24	0	0	0	0	0	0	0	0	0	0	0	0	0	38066.0	0	0	0	0	0	0	0	0	0	0	0	0	0	0	0	0	0	0	0	0	0	0	0	0	0	0	0	0	0	0	0	0	0	0	0	0	0	0
227363	I136-24	0	0	0	0	0	0	0	0	0	0	0	0	0	51473.0	0	0	0	0	0	0	0	0	0	0	0	0	0	0	0	0	0	0	0	0	0	0	0	0	0	0	0	0	0	0	0	0	0	0	0	0	0	0
227395	I175-24	0	0	0	0	0	0	0	0	0	0	0	0	0	26593.0	0	0	0	0	0	0	0	0	0	0	0	0	0	0	0	0	0	0	0	0	0	0	0	0	0	0	0	0	0	0	0	0	0	0	0	0	0	0
227431	I211-24	0	0	0	0	0	0	0	0	0	0	0	0	0	47893.0	0	0	0	0	0	0	0	0	4908.0	0	0	0	0	0	0	0	0	0	0	0	0	0	0	0	0	0	0	0	0	0	0	0	0	0	0	0	0	0
227386	I166-24	0	0	0	0	0	0	0	0	0	0	0	0	0	28829.0	0	0	0	0	0	0	0	0	0	0	0	0	0	0	0	0	0	0	0	0	0	0	0	0	0	0	0	0	0	0	0	0	0	0	0	0	0	0
227394	I174-24	0	0	0	0	0	0	260.0	0	0	0	0	0	0	48334.0	0	0	0	0	0	0	0	0	0	0	0	0	0	0	0	0	0	0	0	0	0	0	0	0	0	0	0	0	0	0	0	0	0	0	0	0	0	0
227393	I173-24	0	0	0	0	0	0	0	0	0	0	0	0	0	45571.0	0	0	0	0	0	0	0	0	0	0	0	0	0	0	0	0	0	0	0	0	0	0	0	0	0	0	0	0	0	0	0	0	0	0	0	0	0	0
227390	I170-24	0	0	0	0	0	0	0	0	0	0	0	0	0	45232.0	0	0	0	0	0	0	0	0	0	0	0	0	0	0	0	0	0	0	0	0	0	0	0	0	0	0	0	0	0	0	0	0	0	0	0	0	0	0
227330	I096-24	0	0	0	0	0	0	0	0	0	0	0	0	0	51122.0	0	0	0	0	0	0	0	0	0	0	0	0	0	0	0	0	0	0	0	0	0	0	0	0	0	0	0	0	0	0	0	0	0	0	0	0	0	0
227434	I257-24	0	0	0	0	0	0	0	0	0	0	0	0	0	46742.0	0	0	0	0	0	0	0	0	0	0	0	0	0	0	0	0	0	0	0	0	0	0	0	0	0	0	0	0	0	0	0	0	0	0	0	0	0	0
227362	I135-24	0	0	0	0	0	0	0	0	0	0	0	0	0	35141.0	0	0	0	0	0	0	0	0	0	0	0	0	0	0	0	0	0	0	0	0	0	0	0	0	0	0	0	0	0	0	0	0	0	0	13568.0	0	0	0
227438	I261-24	0	0	0	0	0	0	0	0	0	0	0	0	0	46478.0	0	0	0	0	0	0	0	0	0	0	0	0	0	0	0	0	0	0	0	0	0	0	0	0	0	0	0	0	0	0	0	0	22508.0	0	0	0	0	0
227425	I205-24	0	0	0	0	0	0	0	0	0	0	0	0	0	0	54108.0	0	0	0	0	0	0	0	0	0	0	0	0	0	0	0	0	0	0	0	0	0	0	0	0	0	0	0	0	0	0	0	0	0	0	0	0	0
227352	I122-24	0	0	0	0	0	0	0	0	0	0	0	0	0	0	49603.0	0	0	0	0	0	0	0	0	0	0	0	0	0	0	0	0	0	0	0	0	0	0	0	0	0	0	0	0	0	0	0	0	0	0	0	0	0
227355	I125-24	0	0	0	0	0	0	0	0	0	0	0	0	0	0	53564.0	0	0	0	0	0	0	0	0	0	0	0	0	0	0	0	0	0	0	0	0	0	0	0	0	0	0	0	0	0	0	0	0	0	0	0	0	0
227436	I259-24	0	0	0	0	0	0	0	0	0	0	0	0	0	0	51461.0	0	0	0	0	0	0	0	0	0	0	0	0	0	0	0	0	0	0	0	0	0	0	0	0	0	0	0	0	0	0	0	0	0	0	0	0	0
227365	I138-24	0	0	0	0	0	0	0	186.0	0	0	0	0	0	0	63791.0	0	0	0	0	0	0	0	0	0	0	0	0	0	0	0	0	0	0	0	0	0	0	0	0	0	0	0	0	0	0	0	0	0	0	0	0	0
227356	I126-24	0	0	0	0	0	0	0	0	0	0	0	0	0	0	48826.0	0	0	0	0	0	0	0	0	0	0	0	0	0	0	0	0	0	0	0	0	0	0	0	0	0	0	0	0	0	0	0	0	0	0	0	0	0
227335	I101-24	0	0	0	0	0	0	0	0	0	0	0	0	0	0	42055.0	0	0	0	0	0	0	0	0	0	0	0	0	0	0	0	0	0	0	0	0	0	0	0	0	0	0	0	0	0	0	0	0	0	0	0	0	0
227354	I124-24	0	0	0	0	0	0	0	0	0	0	0	0	0	0	47896.0	0	0	0	0	0	0	0	0	0	0	0	0	0	0	0	0	0	0	0	0	0	0	0	0	0	0	0	0	0	0	0	0	0	0	0	0	0
227373	I151-24	0	0	0	0	0	0	0	0	0	0	0	0	0	0	53329.0	0	0	0	0	0	0	0	0	0	0	0	0	0	0	0	0	0	0	0	0	0	0	0	0	0	0	0	0	0	0	0	0	0	0	0	0	0
227333	I099-24	0	0	0	0	0	0	0	0	0	0	0	0	0	0	47334.0	0	0	0	0	0	0	0	0	0	0	0	0	0	0	0	0	0	0	0	0	0	0	0	0	0	0	0	0	0	0	0	0	0	0	0	0	0
227388	I168-24	0	0	0	0	0	0	0	0	0	0	0	0	0	0	50340.0	0	0	0	0	0	0	0	0	0	0	0	0	0	0	0	0	0	0	0	0	0	0	0	0	0	0	0	0	0	0	0	0	0	0	0	0	0
227351	I119-24	0	0	0	0	0	0	0	0	0	0	0	0	0	0	49688.0	0	0	0	0	0	0	0	0	0	0	0	0	0	0	0	0	0	0	0	0	0	0	0	0	0	0	0	0	0	0	0	0	0	0	0	0	0
227432	I212-24	0	0	0	0	0	0	0	0	0	0	0	0	0	0	59711.0	0	0	0	0	0	0	0	0	0	0	0	0	0	0	0	0	0	0	0	0	0	0	0	0	0	0	0	0	0	0	0	0	0	0	0	0	0
227353	I123-24	0	0	0	0	0	0	0	0	0	0	0	0	0	0	35473.0	0	0	0	0	0	0	0	0	0	0	0	0	0	0	0	0	0	0	0	0	0	0	0	0	0	0	0	0	0	0	0	0	0	0	0	0	0
227361	I134-24	0	0	0	0	0	0	0	0	0	0	0	0	0	0	51863.0	0	0	0	0	0	0	0	0	0	0	0	0	0	0	0	0	0	0	0	0	0	0	0	0	0	0	0	0	0	0	0	0	0	0	0	0	0
227334	I100-24	0	0	0	0	0	0	0	0	0	0	0	0	0	0	49423.0	0	0	0	0	0	0	0	0	0	0	0	0	0	0	0	0	0	0	0	0	0	0	0	0	0	0	0	0	0	0	0	0	0	0	0	0	0
227341	I107-24	0	0	0	0	0	0	0	0	0	0	0	0	0	0	38521.0	0	0	0	0	0	0	0	0	0	0	0	0	0	0	0	0	0	0	0	0	0	0	0	0	0	0	0	0	0	0	0	0	0	0	0	0	0
227389	I169-24	0	0	0	0	0	0	0	0	0	0	0	0	0	0	50316.0	0	0	0	0	0	0	0	0	0	0	0	0	0	0	0	0	0	0	0	0	0	0	0	0	0	0	0	0	0	0	0	0	0	0	0	0	0
227331	I097-24	0	0	0	0	0	0	0	0	0	0	0	0	0	0	26788.0	0	0	0	0	0	0	0	0	0	0	0	0	0	0	0	0	0	0	0	0	0	0	0	0	0	0	0	0	0	0	0	0	0	0	0	0	0
227344	I110-24	0	0	0	0	0	0	0	0	0	0	0	0	0	0	16154.0	0	0	0	0	0	0	0	0	0	0	0	0	0	0	0	0	0	0	0	0	0	0	0	0	0	0	0	0	0	0	0	0	0	0	0	0	0
227342	I108-24	0	0	0	0	0	0	0	0	0	0	0	0	0	0	20392.0	0	0	0	0	0	0	0	0	0	0	0	0	0	0	0	0	0	0	0	0	0	0	0	0	0	0	0	0	0	0	0	0	0	0	0	0	0
227430	I210-24	0	420.0	0	0	0	0	0	0	0	0	0	0	0	0	51907.0	0	0	0	0	0	0	0	0	0	0	0	0	0	0	0	0	0	0	0	0	0	0	0	0	0	0	0	0	0	0	0	0	0	0	0	0	0
227359	I129-24	0	0	0	0	0	0	0	0	0	0	0	0	0	0	49431.0	0	0	0	0	0	0	0	0	0	0	0	0	0	0	0	0	0	0	0	0	0	0	0	0	0	0	0	0	0	0	0	0	0	0	0	0	0
227377	I157-24	0	0	0	0	0	0	0	0	0	0	0	0	0	0	37974.0	0	0	0	0	0	0	0	0	0	0	0	0	0	0	0	0	0	0	0	0	0	0	0	0	0	0	0	0	0	0	0	0	0	0	0	0	0
227427	I207-24	0	0	0	0	0	0	0	0	0	0	0	0	0	0	47582.0	0	0	0	0	0	0	0	0	0	0	0	0	0	0	0	0	0	0	0	0	0	0	0	0	0	0	0	0	0	0	0	0	0	0	0	0	0
227443	I216-24	0	0	0	0	0	0	0	0	0	0	0	205.0	0	0	35988.0	0	0	0	0	0	0	0	0	0	0	0	0	0	0	0	0	0	0	0	0	0	0	0	0	0	0	0	0	0	0	0	0	0	0	0	0	0
227368	I143-24	0	0	0	0	0	0	0	0	0	0	0	0	0	0	47614.0	0	0	0	0	0	0	0	0	0	0	0	0	0	0	0	0	0	0	0	0	0	0	0	0	0	0	0	0	0	0	0	0	0	0	0	0	0
227384	I164-24	0	0	0	0	0	0	0	0	0	0	0	0	0	0	44697.0	0	0	0	0	0	0	0	0	0	0	0	0	0	0	0	0	0	0	0	0	0	0	0	0	0	0	0	0	0	0	0	0	0	0	0	0	0
227381	I161-24	0	0	0	0	0	0	0	0	0	0	0	0	0	0	46552.0	0	0	0	0	0	0	0	0	0	0	0	0	0	0	0	0	0	0	0	0	0	0	0	0	0	0	0	0	0	0	0	0	0	0	0	0	0
227380	I160-24	0	0	0	0	0	0	0	0	0	0	0	0	0	0	44140.0	0	0	0	0	0	0	0	0	0	0	0	0	0	0	0	0	0	0	0	0	0	0	0	0	0	0	0	0	0	0	0	0	0	0	0	0	0
227369	I144-24	0	0	0	0	0	0	0	0	0	0	0	0	0	0	47554.0	0	0	0	0	0	0	0	0	0	0	0	0	0	0	0	0	0	0	0	0	0	0	0	0	0	0	0	0	0	0	0	0	0	10651.0	0	0	0
227378	I158-24	0	0	0	0	0	0	0	0	0	0	0	0	0	0	33697.0	0	0	0	0	0	0	0	0	0	0	0	0	0	0	0	0	0	0	0	0	0	0	0	0	0	0	0	0	0	0	0	0	0	0	0	0	0
227435	I258-24	0	0	0	0	0	0	0	0	0	0	0	0	0	0	34608.0	0	0	0	0	0	0	0	0	0	0	0	0	0	0	0	0	0	0	0	0	0	0	0	0	0	0	0	0	0	0	0	21669.0	0	0	0	0	0
227320	I086-24	0	0	0	0	0	0	0	0	0	0	0	0	0	0	0	26344.0	0	0	0	0	0	0	0	0	0	0	0	0	0	0	0	0	0	0	0	0	0	0	0	0	0	0	0	0	0	0	0	0	0	0	0	0
227345	I111-24	0	0	0	0	0	0	0	0	0	0	0	0	0	0	0	13129.0	0	0	0	0	0	0	0	0	0	0	0	0	0	0	0	0	0	0	0	0	0	0	0	0	0	0	0	0	0	0	0	0	0	0	0	0
227406	I186-24	0	0	0	0	0	0	0	0	0	0	0	0	0	0	0	59235.0	0	0	0	0	0	0	0	0	0	0	0	0	0	0	0	0	0	0	0	0	0	0	0	0	0	0	0	0	0	0	0	0	0	0	0	0
227325	I091-24	0	0	0	0	0	0	0	0	0	0	0	0	0	0	0	62137.0	0	0	0	0	0	0	0	0	0	0	0	0	0	0	0	0	0	0	0	0	0	0	0	0	0	0	0	0	0	0	0	0	0	0	0	0
227410	I190-24	0	0	0	0	0	0	0	0	0	0	0	0	0	0	0	73420.0	0	0	0	0	0	0	0	0	0	0	0	0	0	0	0	0	0	0	0	0	0	0	0	0	0	0	0	0	0	0	0	0	0	0	0	0
227397	I177-24	0	0	0	0	0	0	0	0	0	0	0	0	0	0	0	56755.0	0	0	0	0	0	0	0	0	0	0	0	0	0	0	0	0	0	0	0	0	0	0	0	0	0	0	0	0	0	0	0	0	0	0	0	0
227411	I191-24	0	0	0	0	0	0	0	0	0	0	0	0	0	0	0	71098.0	0	0	0	0	0	0	0	0	0	0	0	0	0	0	0	0	0	0	0	0	0	0	0	0	0	0	0	0	0	0	0	0	0	0	0	0
227408	I188-24	0	0	0	0	0	0	0	0	0	0	0	0	0	0	0	66348.0	0	0	0	0	0	0	0	0	0	0	0	0	0	0	0	0	0	0	0	0	0	0	0	0	0	0	0	0	0	0	0	0	0	0	0	0
227423	I203-24	0	0	0	0	0	0	0	0	0	0	0	0	0	0	0	52016.0	0	0	0	0	0	0	0	0	0	0	0	0	0	0	0	0	0	0	0	0	0	0	0	0	0	0	0	0	0	0	0	0	0	0	0	0
227329	I095-24	0	0	0	0	0	0	0	0	0	0	0	0	0	0	0	54830.0	0	0	0	0	0	0	0	0	0	0	0	0	0	0	0	0	0	0	0	0	0	0	0	0	0	0	0	0	0	0	0	0	0	0	0	0
227412	I192-24	0	0	0	0	0	0	0	0	0	0	0	0	0	0	0	64155.0	0	0	0	0	0	0	0	0	0	0	0	0	0	0	0	0	0	0	0	0	0	0	0	0	0	0	0	0	0	0	0	0	0	0	0	0
227407	I187-24	0	0	0	0	0	0	0	0	0	0	0	0	0	0	0	75739.0	0	0	0	0	0	0	0	0	0	0	0	0	0	0	0	0	0	0	0	0	0	0	0	0	0	0	0	0	0	0	0	0	0	0	0	0
227398	I178-24	0	0	0	0	0	0	0	0	0	0	0	0	0	0	0	73561.0	0	0	0	0	0	0	0	0	0	0	0	0	0	0	0	0	0	0	0	0	0	0	0	0	0	0	0	0	0	0	0	0	0	0	0	0
227391	I171-24	0	0	0	0	0	0	0	0	0	0	0	0	0	0	0	63426.0	0	0	0	0	0	0	0	0	0	0	0	0	0	0	0	0	0	0	0	0	0	0	0	0	0	0	0	0	0	0	0	0	0	0	0	0
227413	I193-24	0	0	0	0	0	0	0	0	0	0	0	0	0	0	0	74575.0	0	0	0	0	0	0	0	0	0	0	0	0	0	0	0	0	0	0	0	0	0	0	0	0	0	0	0	0	0	0	0	0	0	0	0	0
227419	I199-24	0	0	0	0	0	0	0	0	1419.0	0	0	0	0	0	0	60700.0	0	0	0	0	0	0	0	0	0	0	0	0	0	0	0	0	0	0	0	0	0	0	0	0	0	0	0	0	0	0	0	0	0	0	0	0
227409	I189-24	0	0	0	0	0	0	0	0	0	0	0	0	0	0	0	0	0	0	0	0	0	0	0	0	0	0	0	0	0	0	0	0	0	0	0	0	0	708.0	0	0	0	0	0	0	0	3564.0	54958.0	0	0	0	0	0
227440	I263-24	0	0	0	0	0	0	0	0	0	0	0	0	0	0	0	0	0	0	0	0	0	0	0	0	151.0	0	0	0	0	0	0	0	0	0	0	0	0	0	0	0	0	0	0	0	6975.0	0	58782.0	0	0	0	0	0
227400	I180-24	0	0	0	0	0	0	0	0	0	0	0	0	0	0	0	0	0	0	0	0	0	0	0	0	0	0	0	0	0	0	0	0	0	0	9944.0	1055.0	0	0	0	0	0	0	0	0	0	0	69903.0	0	0	0	0	0
227403	I183-24	0	0	0	0	0	0	0	0	0	0	0	0	0	0	0	0	0	1602.0	0	0	0	0	0	0	450.0	0	0	0	0	0	0	0	0	0	0	0	0	0	12764.0	0	0	0	0	0	0	0	61816.0	0	0	0	0	0
227401	I181-24	0	0	0	0	0	0	0	0	0	0	0	0	0	0	0	0	0	1187.0	16504.0	0	0	0	0	0	467.0	0	0	0	0	0	0	0	0	0	0	0	0	0	0	0	0	0	0	0	0	0	42943.0	0	0	0	0	0
227370	I145-24	203.0	0	0	0	0	0	0	0	0	0	0	0	0	0	0	0	0	0	0	0	0	0	0	0	0	0	0	657.0	0	0	0	0	15421.0	1459.0	0	0	0	0	0	0	0	0	0	0	0	0	37653.0	0	0	0	0	0
227364	I137-24	0	0	0	0	0	0	0	0	0	0	0	0	0	0	16085.0	0	0	0	0	0	0	0	0	0	0	0	0	0	0	0	0	0	0	0	0	0	0	0	0	0	0	0	0	0	0	0	26810.0	0	0	0	0	0
227383	I163-24	0	0	0	0	0	0	0	0	0	0	0	0	0	0	24075.0	0	0	0	0	0	0	0	0	0	0	0	0	0	0	0	0	0	0	0	0	0	0	0	0	0	0	0	0	0	0	0	43655.0	0	0	0	0	0
227402	I182-24	0	0	0	0	0	0	0	0	0	0	0	0	0	0	0	0	0	799.0	18865.0	0	0	0	0	0	0	0	0	0	0	0	0	0	0	0	0	0	0	0	0	0	0	0	0	0	0	0	34335.0	0	0	0	0	0
227405	I185-24	0	0	0	0	0	0	0	0	0	0	0	0	0	23023.0	0	0	0	1241.0	0	0	0	0	0	0	0	0	0	0	0	0	0	0	0	0	0	0	0	0	0	0	0	0	0	0	0	0	39009.0	0	0	0	0	81.0
227437	I260-24	0	0	0	0	0	0	0	0	0	0	0	0	0	25489.0	0	0	0	0	0	0	0	0	0	0	0	0	0	0	0	0	0	0	0	0	0	0	0	0	0	0	0	0	0	0	0	0	33840.0	0	0	0	0	0
227439	I262-24	0	0	0	0	0	0	0	0	0	0	0	0	0	18521.0	0	0	0	0	0	0	0	0	0	0	0	0	0	0	0	0	0	0	0	0	0	0	0	0	0	0	0	0	0	0	0	0	24785.0	0	0	0	0	0
227442	I214-24	0	0	0	0	0	0	0	0	0	0	0	0	0	0	0	0	58249.0	0	0	0	0	0	0	0	0	0	0	0	0	0	0	0	0	0	0	0	0	0	0	0	0	0	0	0	0	0	0	0	0	0	0	0
227416	I196-24	0	0	0	0	0	0	0	0	0	0	0	0	0	0	0	0	51746.0	0	0	0	0	0	0	0	0	0	0	0	0	0	0	0	0	0	0	0	0	0	0	0	0	0	0	0	0	0	0	0	0	0	0	0
227313	I079-24	0	0	0	0	0	0	0	0	0	0	0	0	0	0	0	0	11975.0	0	0	0	0	0	0	0	0	0	0	0	0	0	0	0	0	0	0	0	0	0	0	0	0	0	0	0	0	0	0	0	0	0	0	0
227414	I194-24	0	0	0	0	0	0	0	0	0	0	0	0	0	0	0	0	50082.0	0	0	0	0	0	0	0	0	0	0	0	0	0	0	0	0	0	0	0	0	0	0	0	0	0	0	0	0	0	0	0	0	0	0	0
227417	I197-24	0	0	0	0	0	0	0	0	0	0	0	0	0	0	0	0	50805.0	0	0	0	0	0	0	0	0	0	0	0	0	0	0	0	0	0	0	0	0	0	0	0	0	0	0	0	0	0	0	0	0	0	0	0
227415	I195-24	0	0	0	0	0	0	0	0	0	0	0	0	0	0	0	0	53439.0	0	0	0	0	0	0	0	0	0	0	0	0	0	0	0	0	0	0	0	0	0	0	0	0	0	0	0	0	0	0	0	0	0	0	0
227420	I200-24	0	0	0	0	0	0	0	0	0	0	0	0	0	0	0	0	47294.0	0	0	0	0	0	0	0	0	0	0	0	0	0	0	0	0	0	0	0	0	0	0	0	0	0	0	0	0	0	0	0	0	0	0	0
227421	I201-24	0	0	0	2238.0	0	0	0	0	0	0	0	0	0	0	0	0	39531.0	0	0	0	0	0	0	0	0	0	0	0	0	0	0	0	0	0	0	0	0	0	0	0	0	0	0	0	0	0	0	0	0	0	0	0
227424	I204-24	0	0	0	0	0	0	0	0	0	0	0	0	0	0	0	0	46963.0	0	0	0	0	0	0	0	0	0	0	0	0	0	0	0	0	0	0	0	0	0	0	0	0	0	0	0	0	0	0	0	0	0	0	0
227428	I208-24	0	0	0	0	0	0	0	0	0	0	0	0	0	0	0	0	57236.0	0	0	0	0	0	0	0	0	0	0	0	0	0	0	0	0	0	0	0	0	0	0	0	0	0	0	0	0	0	0	0	0	0	0	0
227426	I206-24	0	0	0	0	0	0	0	0	0	0	0	0	0	0	0	0	54529.0	0	0	0	0	0	0	0	0	0	0	0	0	0	0	0	0	0	0	0	0	0	0	0	0	0	0	0	0	0	0	0	0	0	0	0
227429	I209-24	0	0	0	0	0	0	0	0	0	0	0	0	0	0	0	0	40200.0	0	0	0	0	0	0	0	0	0	0	0	0	0	0	0	0	0	0	0	0	0	0	0	0	0	0	0	0	0	0	0	0	0	0	0
227347	I113-24	0	0	0	0	0	0	0	0	0	0	0	0	0	0	0	0	0	0	49937.0	0	0	0	0	0	0	0	0	0	0	0	0	0	0	0	0	0	0	0	0	0	0	0	0	0	0	0	0	0	0	0	0	0
227350	I116-24	0	0	0	0	0	0	0	0	0	0	0	0	0	0	0	0	0	0	37139.0	0	0	0	0	0	0	0	0	0	0	0	0	0	0	0	0	0	0	0	0	0	0	0	0	0	0	0	0	0	0	0	0	0
227404	I184-24	0	0	0	0	0	0	0	0	0	0	0	0	0	0	0	0	0	0	31487.0	0	0	0	0	0	0	0	0	0	0	0	0	0	0	0	0	0	0	0	0	0	0	3014.0	0	0	0	0	41617.0	0	0	0	0	0
227338	I104-24	0	0	0	0	0	0	0	0	0	0	0	0	0	0	0	0	0	0	0	6281.0	0	0	0	0	0	0	0	0	0	0	0	0	0	0	0	0	0	0	0	0	0	0	0	0	0	0	0	0	0	0	0	0
227339	I105-24	0	0	0	0	0	0	0	0	0	0	0	0	0	0	0	0	0	0	0	29195.0	0	0	0	0	0	0	0	0	0	0	0	0	0	0	0	0	0	0	0	0	0	0	0	0	0	0	0	0	0	0	0	0
227348	I114-24	0	0	0	0	0	0	0	0	0	0	0	0	0	0	0	0	0	0	0	24338.0	0	0	0	0	0	0	0	0	0	0	0	0	0	0	0	0	0	0	0	0	0	0	0	0	0	0	0	0	0	0	0	0
227336	I102-24	0	0	0	0	0	0	0	0	0	0	0	0	0	0	0	0	0	0	0	20488.0	0	0	0	0	0	0	0	0	0	0	0	0	0	0	0	0	0	0	0	0	0	0	0	0	0	0	0	0	0	0	0	0
227328	I094-24	0	0	0	0	0	0	0	0	0	0	0	0	0	0	0	0	0	0	0	26735.0	0	0	0	0	0	0	0	0	0	0	0	0	0	0	0	0	0	0	0	0	0	0	0	0	0	0	0	0	0	0	0	0
227259	I003-24	0	0	0	0	0	0	0	0	0	0	0	0	0	0	0	0	0	0	0	0	1548.0	7092.0	963.0	0	0	0	0	0	0	0	0	0	0	0	0	0	0	0	0	0	0	0	0	0	0	0	0	0	0	0	0	0
227444	I035-24b	0	0	0	0	0	0	0	0	0	0	4671.0	0	0	0	0	0	0	0	0	0	2142.0	11100.0	0	0	0	0	1814.0	0	0	0	1552.0	0	0	0	0	0	0	0	0	0	0	0	0	0	0	0	0	0	0	0	0	0
227371	I146-24	0	0	580.0	0	0	0	0	0	0	0	0	0	0	0	0	0	0	0	0	0	1358.0	0	0	0	0	0	0	0	0	0	0	0	0	0	0	0	0	0	0	0	9040.0	0	0	0	0	0	0	82103.0	0	0	0	0
227367	I142-24	82.0	0	0	0	136.0	0	0	0	0	111.0	0	0	0	0	0	0	0	0	0	0	0	3937.0	0	0	0	0	953.0	701.0	0	644.0	0	0	0	0	0	0	0	0	0	0	0	0	0	0	0	0	0	49615.0	0	0	0	0
227372	I150-24	0	0	0	0	0	327.0	0	0	0	0	0	0	0	0	0	0	0	0	0	0	1603.0	5493.0	0	0	0	0	0	0	0	0	0	0	0	0	0	0	0	0	0	0	0	0	0	0	0	0	0	67438.0	0	0	0	0
227299	I058-24	0	0	0	0	0	0	0	0	0	0	0	0	0	0	0	0	0	0	0	0	0	0	0	0	0	27240.0	0	0	0	0	0	0	0	0	0	0	0	0	0	0	0	0	0	0	0	0	0	0	0	0	0	0
227310	I074-24	0	0	0	0	0	0	0	0	0	0	0	0	0	0	0	0	0	0	0	0	0	0	0	0	0	62653.0	0	0	0	0	0	0	0	0	0	0	0	0	0	0	0	0	0	0	0	0	0	0	0	0	0	0
227303	I064-24	0	0	0	0	0	0	0	0	0	0	0	0	0	0	0	0	0	0	0	0	0	0	0	0	0	14746.0	0	0	0	0	0	0	0	0	0	0	0	0	0	0	0	0	0	0	0	0	0	0	0	0	0	0
227346	I112-24	0	0	0	0	0	0	0	0	0	0	0	0	0	0	0	0	0	0	0	0	0	0	2108.0	1997.0	0	0	0	0	29116.0	0	0	0	0	0	0	0	0	0	0	0	0	0	0	0	0	0	0	0	0	0	0	0
227441	I264-24	0	0	0	0	0	0	0	0	0	0	0	0	0	0	0	0	0	0	0	0	0	0	0	2347.0	0	0	0	0	46190.0	0	0	0	0	0	0	0	0	0	0	0	0	0	0	0	0	0	0	0	0	0	0	0
227379	I159-24	0	0	0	0	0	0	0	0	0	0	0	0	0	0	0	0	0	0	0	0	0	0	0	0	0	0	0	0	0	0	0	55567.0	0	0	0	0	1577.0	0	0	0	0	0	0	0	0	0	0	0	0	0	0	0
227387	I167-24	0	0	0	0	0	0	0	0	0	0	0	0	0	0	0	0	0	0	0	0	0	0	0	0	0	0	0	0	0	0	0	0	0	0	0	0	0	0	0	6290.0	0	0	0	0	0	0	0	0	0	0	0	0
227309	I073-24	0	0	0	0	0	0	0	0	0	0	0	0	0	0	0	0	0	0	0	0	0	0	0	1440.0	0	0	0	0	0	0	0	0	0	0	0	0	0	0	0	0	0	0	0	39481.0	0	0	0	0	0	0	0	0
Sequence accession / SymPortal UID		883	2523/70639-883	883-1478-1474-1480	883-965	1776691	5383299	883-6786-5383299	883-2061	883-968-914-976-1888	69985	70639	883-70639-2523-57992-914	32/20905-20922-35-41-80-63350	37/32-20940-72-35-161-796-20932-80	37/32-20940-72-35-796-858-20932-161	2-308-4-835-32-834	32/20905-20922-35-41-80-58		21164-32-37-21165-20940-21166-161-796	37/32-72-161-35-796-20940-298-430		2175343/32-742556-2175349-49062	20905			20905-32-20922-35-41-80	37	46606-46610-2	2-32-37-308-20940-72-796-827-4	41	62831	32-422-265-358	32-37-20940-20905-72-35	41-62831	2-37-32-20940-72-21587	62831-41-38924	2-3332	41-38924-49062-20905	32-21164-37-20940-858-21165	37-20940-37132-32-20932	2175343-2175349-742556-32-2175347-1605972-2255074-2175346-38924-2175355	2-41-308	2460-1584	20905-32-20922-35-37192	37-32-20940-41-141-71-46	2-37-32-1-4-20940	853-855-10403-854	853-855-10403-854-10613	853-855-944-2582-1759-2587-854	853-944-21094-21095-21096-854	853-21094	2328519
Average defining sequence proportions and [stdev]		1.000[0.000]	0.494[0.460]/0.272[0.214]-0.234[0.245]	0.964[nan]-0.014[nan]-0.012[nan]-0.010[nan]	0.811[nan]-0.189[nan]	1.000[nan]	1.000[nan]	0.746[nan]-0.215[nan]-0.038[nan]	0.973[nan]-0.027[nan]	0.798[nan]-0.075[nan]-0.054[nan]-0.048[nan]-0.025[nan]	1.000[nan]	1.000[nan]	0.571[nan]-0.307[nan]-0.078[nan]-0.024[nan]-0.020[nan]	0.437[0.067]/0.265[0.081]-0.087[0.032]-0.082[0.028]-0.067[0.022]-0.038[0.009]-0.024[0.010]	0.366[0.105]/0.261[0.055]-0.082[0.026]-0.074[0.034]-0.053[0.017]-0.048[0.022]-0.047[0.016]-0.038[0.015]-0.031[0.008]	0.399[0.099]/0.236[0.052]-0.086[0.023]-0.068[0.034]-0.045[0.013]-0.043[0.017]-0.042[0.012]-0.041[0.015]-0.040[0.022]	0.763[0.010]-0.122[0.008]-0.044[0.004]-0.034[0.003]-0.024[0.015]-0.013[0.002]	0.437[0.063]/0.341[0.085]-0.060[0.015]-0.056[0.014]-0.055[0.011]-0.031[0.006]-0.022[0.008]	0.576[0.104]/0.424[0.104]	0.415[0.013]-0.209[0.070]-0.154[0.023]-0.062[0.019]-0.043[0.014]-0.043[0.016]-0.040[0.022]-0.033[0.016]	0.241[0.057]/0.200[0.037]-0.161[0.012]-0.099[0.010]-0.084[0.010]-0.084[0.008]-0.062[0.019]-0.039[0.025]-0.031[0.018]	0.545[0.148]/0.455[0.148]	0.332[0.090]/0.213[0.137]-0.164[0.036]-0.156[0.049]-0.135[0.061]	1.000[0.000]	0.523[0.286]/0.477[0.286]	0.503[0.054]/0.497[0.054]	0.398[0.022]-0.358[0.032]-0.092[0.025]-0.081[0.017]-0.041[0.006]-0.030[0.001]	1.000[0.000]	0.464[0.161]-0.277[0.054]-0.259[0.107]	0.323[0.034]-0.222[0.079]-0.188[0.072]-0.081[0.006]-0.054[0.030]-0.048[0.010]-0.044[0.016]-0.021[0.000]-0.019[0.001]	1.000[nan]	1.000[nan]	0.623[nan]-0.331[nan]-0.041[nan]-0.005[nan]	0.395[nan]-0.324[nan]-0.131[nan]-0.107[nan]-0.024[nan]-0.019[nan]	0.736[nan]-0.264[nan]	0.462[nan]-0.243[nan]-0.218[nan]-0.043[nan]-0.017[nan]-0.016[nan]	0.464[nan]-0.332[nan]-0.205[nan]	0.606[nan]-0.394[nan]	0.483[nan]-0.257[nan]-0.184[nan]-0.076[nan]	0.369[nan]-0.277[nan]-0.196[nan]-0.090[nan]-0.041[nan]-0.026[nan]	0.759[nan]-0.103[nan]-0.066[nan]-0.065[nan]-0.007[nan]	0.240[nan]-0.199[nan]-0.164[nan]-0.147[nan]-0.082[nan]-0.052[nan]-0.038[nan]-0.034[nan]-0.027[nan]-0.017[nan]	0.746[nan]-0.168[nan]-0.086[nan]	0.688[nan]-0.312[nan]	0.460[nan]-0.354[nan]-0.068[nan]-0.060[nan]-0.059[nan]	0.558[nan]-0.228[nan]-0.121[nan]-0.041[nan]-0.025[nan]-0.014[nan]-0.013[nan]	0.538[nan]-0.143[nan]-0.124[nan]-0.091[nan]-0.074[nan]-0.029[nan]	0.782[0.123]-0.105[0.065]-0.076[0.046]-0.037[0.016]	0.930[0.013]-0.025[0.005]-0.022[0.005]-0.016[0.003]-0.007[0.001]	0.913[0.006]-0.022[0.006]-0.019[0.003]-0.012[0.002]-0.012[0.001]-0.011[0.001]-0.011[0.000]	0.894[nan]-0.026[nan]-0.026[nan]-0.026[nan]-0.015[nan]-0.014[nan]	0.971[nan]-0.029[nan]	1.000[nan]
