ITS2 type profile UID		1333235	1333234	1332876	1333562	1339536	1333154	1332957	1332962	1337451	1337455	1337449	1339579	1337456	1337452	1337402	1336940	1336462	1334567	1337732	1337733	1337351	1337759	1336878	1335502	1335251	1335514	1337447	1336437	1338730
Clade		A	A	A	A	A	A	A	A	C	C	C	C	C	C	C	C	C	C	C	C	C	C	C	C	C	C	C	C	D
Majority ITS2 sequence		A1	A1	A1h	A1	A1	A1	A1	A1	C3k/C3	C3k/C3	C3/C50b	C3bo/C3	C50b/C3	C3k/C3	C21/C3a	C3	C21	C42.2/C1	C3k	C50b	C3	C31	C1	C3	C3	C3k	C50b	C42.2	D1
Associated species		None	None	None	None	None	None	None	None	None	None	None	None	None	None	None	None	None	None	None	None	None	None	None	None	None	None	None	None	None
ITS2 profile abundance local		8	6	2	2	1	1	1	1	193	90	35	17	15	13	8	5	3	2	1	1	1	1	1	1	1	1	1	1	1
ITS2 profile abundance DB		17	55	30	8	10	19	34	9	356	283	87	50	118	25	133	116	222	36	46	42	7	16	118	75	140	22	63	9	10
ITS2 type profile		A1-A1gr-A1gd-A1mm-A1bf	A1/A1gr/A1gd	A1/A1h-A1dl	A1-A1gr-A1mm	A1/A1gd-A1g	A1/A1gd	A1/A1bx-A1bw-A1bf	A1-A1ee-A1mm	C3k/C3-C50a-C3ba-C29-C21ab-C50f-C3dq-C3a	C3k/C3-C50a-C3ba-C50f-C3dq-C21ab-C3a-C3b	C3/C50b-C3bm-C50f-C21-C3b-C3acq	C3bo/C3k/C3-C3bp-C50a-C3jq-C3a-C3dq	C50b/C3-C3bm-C50f-C21-C3b-C21ba	C3k/C3-C3ba-C3a-C50f-C3dq-C50a-C3acr-C50aj	C21/C3a	C3-C3k-C50a-C3.10-C3gj-C3b-C21cf	C21/C1	C1/C42.2	C3k	C50b	C50b/C3-C21	C31	C3k/C1/C3-C1c-C50a-C3dq-C1b-C3ba-C50y	C3k/C3-C50a-C29-C21ab-C3b	C3f/C3ae/C3/C3fl-C50a-C3bj-C3h	C3k-C3-C50a-C29-C21ab-C50f-C3ba-C3dq	C50b-C3-C3bm-C50f-C21-C3b	C42.2/C1-C1b-C42u-C42a-C3-C115k-C115l	D1-D17i-D17s-D1r-D17r
227586	A130-24	0	0	0	0	0	0	0	0	71950.0	0	0	0	0	0	0	0	0	0	0	0	0	0	0	0	0	0	0	0	0
227591	A135-24	0	0	0	0	0	0	0	0	71264.0	0	0	0	0	0	0	0	0	0	0	0	0	0	0	0	0	0	0	0	0
227574	A120-24	0	0	0	0	0	0	0	0	70361.0	0	0	0	0	0	0	0	0	0	0	0	0	0	0	0	0	0	0	0	0
227587	A131-24	0	0	0	0	0	0	0	0	62755.0	0	0	0	0	0	0	0	0	0	0	0	0	0	0	0	0	0	0	0	0
227555	A104-24	0	0	0	0	0	0	0	0	46557.0	0	0	0	0	0	0	0	0	0	0	0	0	0	0	0	0	0	0	0	0
227592	A136-24	0	0	0	0	0	0	0	0	78875.0	0	0	0	0	0	0	0	0	0	0	0	0	0	0	0	0	0	0	0	0
227611	A155-24	0	0	0	0	0	0	0	0	57331.0	0	0	0	0	0	0	0	0	0	0	0	0	0	0	0	0	0	0	0	0
227567	A113-24	0	0	0	0	0	0	0	0	63912.0	0	0	0	0	0	0	0	0	0	0	0	0	0	0	0	0	0	0	0	0
227610	A154-24	0	0	0	0	0	0	0	0	61953.0	0	0	0	0	0	0	0	0	0	0	0	0	0	0	0	0	0	0	0	0
227779	A320-24	0	0	0	0	0	0	0	0	40761.0	0	0	0	0	0	0	0	0	0	0	0	0	0	0	0	0	0	0	0	0
227588	A132-24	0	0	0	0	0	0	0	0	60641.0	0	0	0	0	0	0	0	0	0	0	0	0	0	0	0	0	0	0	0	0
227621	A165-24	0	0	0	0	0	0	0	0	62523.0	0	0	0	0	0	0	0	0	0	0	0	0	0	0	0	0	0	0	0	0
227613	A157-24	0	0	0	0	0	0	0	0	43077.0	0	0	0	0	0	0	0	0	0	0	0	0	0	0	0	0	0	0	0	0
227739	A280-24	0	0	0	0	0	0	0	0	45942.0	0	0	0	0	0	0	0	0	0	0	0	0	0	0	0	0	0	0	0	0
227720	A261-24	0	0	0	0	0	0	0	0	24914.0	0	0	0	0	0	0	0	0	0	0	0	0	0	0	0	0	0	0	0	0
227608	A152-24	0	0	0	0	0	0	0	0	58115.0	0	0	0	0	0	0	0	0	0	0	0	0	0	0	0	0	0	0	0	0
227809	A350-24	0	0	0	0	0	0	0	0	84310.0	0	0	0	0	0	0	0	0	0	0	0	0	0	0	0	0	0	0	0	0
227602	A146-24	0	0	0	0	0	0	0	0	51182.0	0	0	0	0	0	0	0	0	0	0	0	0	0	0	0	0	0	0	0	0
227558	A106-24	0	0	0	0	0	0	0	0	54544.0	0	0	0	0	0	0	0	0	0	0	0	0	0	0	0	0	0	0	0	0
227810	A351-24	0	0	0	0	0	0	0	0	62897.0	0	0	0	0	0	0	0	0	0	0	0	0	0	0	0	0	0	0	0	0
227612	A156-24	0	0	0	0	0	0	0	0	63911.0	0	0	0	0	0	0	0	0	0	0	0	0	0	0	0	0	0	0	0	0
227740	A281-24	0	0	0	0	0	0	0	0	59374.0	0	0	0	0	0	0	0	0	0	0	0	0	0	0	0	0	0	0	0	0
227807	A348-24	0	0	0	0	0	0	0	0	60882.0	0	0	0	0	0	0	0	0	0	0	0	0	0	0	0	0	0	0	0	0
227808	A349-24	0	0	0	0	0	0	0	0	60897.0	0	0	0	0	0	0	0	0	0	0	0	0	0	0	0	0	0	0	0	0
227772	A313-24	0	0	0	0	0	0	0	0	44277.0	0	0	0	0	0	0	0	0	0	0	0	0	0	0	0	0	0	0	0	0
227785	A326-24	0	0	0	0	0	0	0	0	49793.0	0	0	0	0	0	0	0	0	0	0	0	0	0	0	0	0	0	0	0	0
227504	A056-24	0	0	0	0	0	0	0	0	50769.0	0	0	0	0	0	0	0	0	0	0	0	0	0	0	0	0	0	0	0	0
227787	A328-24	0	0	0	0	0	0	0	0	52154.0	0	0	0	0	0	0	0	0	0	0	0	0	0	0	0	0	0	0	0	0
227564	A111-24	0	0	0	0	0	0	0	0	57773.0	0	0	0	0	0	0	0	0	0	0	0	0	0	0	0	0	0	0	0	0
227571	A117-24	0	0	0	0	0	0	0	0	61501.0	0	0	0	0	0	0	0	0	0	0	0	0	0	0	0	0	0	0	0	0
227570	A116-24	0	0	0	0	0	0	0	0	37831.0	0	0	0	0	0	0	0	0	0	0	0	0	0	0	0	0	0	0	0	0
227727	A268-24	0	0	0	0	0	0	0	0	54703.0	0	0	0	0	0	0	0	0	0	0	0	0	0	0	0	0	0	0	0	0
227581	A126-24	0	0	0	0	0	0	0	0	64123.0	0	0	0	0	0	0	0	0	0	0	0	0	0	0	0	0	0	0	0	0
227742	A283-24	0	0	0	0	0	0	0	0	46582.0	0	0	0	0	0	0	0	0	0	0	0	0	0	0	0	0	0	0	0	0
227521	A071-24	0	0	0	0	0	0	0	0	55986.0	0	0	0	0	0	0	0	0	0	0	0	0	0	0	0	0	0	0	0	0
227685	A225-24	0	0	0	0	0	0	0	0	40520.0	0	0	0	0	0	0	0	0	0	0	0	0	0	0	0	0	0	0	0	0
227738	A279-24	0	0	0	0	0	0	0	0	55795.0	0	0	0	0	0	0	0	0	0	0	0	0	0	0	0	0	0	0	0	0
227510	A062-24	0	0	0	0	0	0	0	0	50270.0	0	0	0	0	0	0	0	0	0	0	0	0	0	0	0	0	0	0	0	0
227749	A290-24	0	0	0	0	0	0	0	0	47141.0	0	0	0	0	0	0	0	0	0	0	0	0	0	0	0	0	0	0	0	0
227573	A119-24	0	0	0	0	0	0	0	0	49335.0	0	0	0	0	0	0	0	0	0	0	0	0	0	0	0	0	0	0	0	0
227687	A227-24	0	0	0	0	0	0	0	0	48504.0	0	0	0	0	0	0	0	0	0	0	0	0	0	0	0	0	0	0	0	0
227578	A123-24	0	0	0	0	0	0	0	0	50895.0	0	0	0	0	0	0	0	0	0	0	0	0	0	0	0	0	0	0	0	0
227552	A100-24	0	0	0	0	0	0	0	0	66163.0	0	0	0	0	0	0	0	0	0	0	0	0	0	0	0	0	0	0	0	0
227492	A045-24	0	0	0	0	0	0	0	0	69582.0	0	0	0	0	0	0	0	0	0	0	0	0	0	0	0	0	0	0	0	0
227770	A311-24	0	0	0	0	0	0	0	0	49965.0	0	0	0	0	0	0	0	0	0	0	0	0	0	0	0	0	0	0	0	0
227522	A072-24	0	0	0	0	0	0	0	0	59118.0	0	0	0	0	0	0	0	0	0	0	0	0	0	0	0	0	0	0	0	0
227735	A276-24	0	0	0	0	0	0	0	0	43333.0	0	0	0	0	0	0	0	0	0	0	0	0	0	0	0	0	0	0	0	0
227777	A318-24	0	0	0	0	0	0	0	0	51382.0	0	0	0	0	0	0	0	0	0	0	0	0	0	0	0	0	0	0	0	0
227778	A319-24	0	0	0	0	0	0	0	0	33083.0	0	0	0	0	0	0	0	0	0	0	0	0	0	0	0	0	0	0	0	0
227728	A269-24	0	0	0	0	0	0	0	0	45017.0	0	0	0	0	0	0	0	0	0	0	0	0	0	0	0	0	0	0	0	0
227525	A075-24	0	0	0	0	0	0	0	0	59551.0	0	0	0	0	0	0	0	0	0	0	0	0	0	0	0	0	0	0	0	0
227557	A105-24	0	0	0	0	0	0	0	0	32591.0	0	0	0	0	0	0	0	0	0	0	0	0	0	0	0	0	0	0	0	0
227784	A325-24	0	0	0	0	0	0	0	0	39316.0	0	0	0	0	0	0	0	0	0	0	0	0	0	0	0	0	0	0	0	0
227584	A128-24	0	0	0	0	0	0	0	0	70414.0	0	0	0	0	0	0	0	0	0	0	0	0	0	0	0	0	0	0	0	0
227617	A161-24	0	0	0	0	0	0	0	0	62112.0	0	0	0	0	0	0	0	0	0	0	0	0	0	0	0	0	0	0	0	0
227679	A219-24	0	0	0	0	0	0	0	0	26845.0	0	0	0	0	0	0	0	0	0	0	0	0	0	0	0	0	0	0	0	0
227599	A143-24	0	0	0	0	0	0	0	0	38220.0	0	0	0	0	0	0	0	0	0	0	0	0	0	0	0	0	0	0	0	0
227615	A159-24	0	0	0	0	0	0	0	0	43170.0	0	0	0	0	0	0	0	0	0	0	0	0	0	0	0	0	0	0	0	0
227796	A337-24	0	0	0	0	0	0	0	0	36480.0	0	0	0	0	0	0	0	0	0	0	0	0	0	0	0	0	0	0	0	0
227790	A331-24	0	0	0	0	0	0	0	0	33750.0	0	0	0	0	0	0	0	0	0	0	0	0	0	0	0	0	0	0	0	0
227780	A321-24	0	0	0	0	0	0	0	0	42340.0	0	0	0	0	0	0	0	0	0	0	0	0	0	0	0	0	0	0	0	0
227725	A266-24	0	0	0	0	0	0	0	0	44436.0	0	0	0	0	0	0	0	0	0	0	0	0	0	0	0	0	0	0	0	0
227797	A338-24	0	0	0	0	0	0	0	0	32804.0	0	0	0	0	0	0	0	0	0	0	0	0	0	0	0	0	0	0	0	0
227683	A223-24	0	0	0	0	0	0	0	0	53644.0	0	0	0	0	0	0	0	0	0	0	0	0	0	0	0	0	0	0	0	0
227554	A102-24	0	0	0	0	0	0	0	0	68926.0	0	0	0	0	0	0	0	0	0	0	0	0	0	0	0	0	0	0	0	0
227743	A284-24	0	0	0	0	0	0	0	0	40821.0	0	0	0	0	0	0	0	0	0	0	0	0	0	0	0	0	0	0	0	0
227732	A273-24	0	0	0	0	0	0	0	0	49672.0	0	0	0	0	0	0	0	0	0	0	0	0	0	0	0	0	0	0	0	0
227791	A332-24	0	0	0	0	0	0	0	0	56114.0	0	0	0	0	0	0	0	0	0	0	0	0	0	0	0	0	0	0	0	0
227741	A282-24	0	0	0	0	0	0	0	0	50874.0	0	0	0	0	0	0	0	0	0	0	0	0	0	0	0	0	0	0	0	0
227594	A138-24	0	0	0	0	0	0	0	0	54891.0	0	0	0	0	0	0	0	0	0	0	0	0	0	0	0	0	0	0	0	0
227566	A112-24	0	0	0	0	0	0	0	0	63937.0	0	0	0	0	0	0	0	0	0	0	0	0	0	0	0	0	0	0	0	0
227788	A329-24	0	0	0	0	0	0	0	0	32437.0	0	0	0	0	0	0	0	0	0	0	0	0	0	0	0	0	0	0	0	0
227789	A330-24	0	0	0	0	0	0	0	0	47975.0	0	0	0	0	0	0	0	0	0	0	0	0	0	0	0	0	0	0	0	0
227606	A150-24	0	0	0	0	0	0	0	0	74661.0	0	0	0	0	0	0	0	0	0	0	0	0	0	0	0	0	0	0	0	0
227563	A110-24	0	0	0	0	0	0	0	0	94690.0	0	0	0	0	0	0	0	0	0	0	0	0	0	0	0	0	0	0	0	0
227512	A064-24	0	0	0	0	0	0	0	0	90346.0	0	0	0	0	0	0	0	0	0	0	0	0	0	0	0	0	0	0	0	0
227805	A346-24	0	0	0	0	0	0	0	0	51701.0	0	0	0	0	0	0	0	0	0	0	0	0	0	0	0	0	0	0	0	0
227549	A097-24	0	0	0	0	0	0	0	0	89858.0	0	0	0	0	0	0	0	0	0	0	0	0	0	0	0	0	0	0	0	0
227781	A322-24	0	0	0	0	0	0	0	0	34287.0	0	0	0	0	0	0	0	0	0	0	0	0	0	0	0	0	0	0	0	0
227782	A323-24	0	0	0	0	0	0	0	0	53213.0	0	0	0	0	0	0	0	0	0	0	0	0	0	0	0	0	0	0	0	0
227577	A122-24	0	0	0	0	0	0	0	0	106374.0	0	0	0	0	0	0	0	0	0	0	0	0	0	0	0	0	0	0	0	0
227569	A115-24	0	0	0	0	0	0	0	0	79166.0	0	0	0	0	0	0	0	0	0	0	0	0	0	0	0	0	0	0	0	0
227550	A098-24	0	0	0	0	0	0	0	0	62908.0	0	0	0	0	0	0	0	0	0	0	0	0	0	0	0	0	0	0	0	0
227686	A226-24	0	0	0	0	0	0	0	0	74926.0	0	0	0	0	0	0	0	0	0	0	0	0	0	0	0	0	0	0	0	0
227730	A271-24	0	0	0	0	0	0	0	0	54812.0	0	0	0	0	0	0	0	0	0	0	0	0	0	0	0	0	0	0	0	0
227551	A099-24	0	0	0	0	0	0	0	0	44037.0	0	0	0	0	0	0	0	0	0	0	0	0	0	0	0	0	0	0	0	0
227804	A345-24	0	0	0	0	0	0	0	0	24021.0	0	0	0	0	0	0	0	0	0	0	0	0	0	0	0	0	0	0	0	0
227514	A065-24	0	0	0	0	0	0	0	0	59991.0	0	0	0	0	0	0	0	0	0	0	0	0	0	0	0	0	0	0	0	0
227752	A293-24	0	0	0	0	0	0	0	0	41089.0	0	0	0	0	0	0	0	0	0	0	0	0	0	0	0	0	0	0	0	0
227737	A278-24	0	0	0	0	0	0	0	0	53921.0	0	0	0	0	0	0	0	0	0	0	0	0	0	0	0	0	0	0	0	0
227798	A339-24	0	0	0	0	0	0	0	0	27514.0	0	0	0	0	0	0	0	0	0	0	0	0	0	0	0	0	0	0	0	0
227562	A109-24	0	0	0	0	0	0	0	0	69448.0	0	0	0	0	0	0	0	0	0	0	0	0	0	0	0	0	0	0	0	0
227640	A184-24	0	0	0	0	0	0	0	0	47903.0	0	0	0	0	0	0	0	0	0	0	0	0	0	0	0	0	0	0	0	0
227733	A274-24	0	0	0	0	0	0	0	0	47149.0	0	0	0	0	0	0	0	0	0	0	0	0	0	0	0	0	0	0	0	0
227643	A187-24	0	0	0	0	0	0	0	0	30861.0	0	0	0	0	0	0	0	0	0	0	0	0	0	0	0	0	0	0	0	0
227792	A333-24	0	0	0	0	0	0	0	0	45508.0	0	0	0	0	0	0	0	0	0	0	0	0	0	0	0	0	0	0	0	0
227745	A286-24	0	0	0	0	0	0	0	0	61633.0	0	0	0	0	0	0	0	0	0	0	0	0	0	0	0	0	0	0	0	0
227801	A342-24	0	0	0	0	0	0	0	0	40414.0	0	0	0	0	0	0	0	0	0	0	0	0	0	0	0	0	0	0	0	0
227717	A258-24	0	0	0	0	0	0	0	0	46816.0	0	0	0	0	0	0	0	0	0	0	0	0	0	0	0	0	0	0	0	0
227783	A324-24	0	0	0	0	0	0	0	0	44747.0	0	0	0	0	0	0	0	0	0	0	0	0	0	0	0	0	0	0	0	0
227620	A164-24	0	0	0	0	0	0	0	0	48140.0	0	0	0	0	0	0	0	0	0	0	0	0	0	0	0	0	0	0	0	0
227561	A108-24	0	0	0	0	0	0	0	0	32121.0	0	0	0	0	0	0	0	0	0	0	0	0	0	0	0	0	0	0	0	0
227511	A063-24	0	0	0	0	0	0	0	0	57543.0	0	0	0	0	0	0	0	0	0	0	0	0	0	0	0	0	0	0	0	0
227799	A340-24	0	0	0	0	0	0	0	0	34442.0	0	0	0	0	0	0	0	0	0	0	0	0	0	0	0	0	0	0	0	0
227721	A262-24	0	0	0	0	0	0	0	0	40664.0	0	0	0	0	0	0	0	0	0	0	0	0	0	0	0	0	0	0	0	0
227775	A316-24	0	0	0	0	0	0	0	0	32863.0	0	0	0	0	0	0	0	0	0	0	0	0	0	0	0	0	0	0	0	0
227803	A344-24	0	0	0	0	0	0	0	0	41643.0	0	0	0	0	0	0	0	0	0	0	0	0	0	0	0	0	0	0	0	0
227759	A300-24	0	0	0	0	0	0	0	0	37264.0	0	0	0	0	0	0	0	0	0	0	0	0	0	0	0	0	0	0	0	0
227524	A074-24	0	0	0	0	0	0	0	0	59011.0	0	0	0	0	0	0	0	0	0	0	0	0	0	0	0	0	0	0	0	0
227768	A309-24	0	0	0	0	0	0	0	0	42434.0	0	0	0	0	0	0	0	0	0	0	0	0	0	0	0	0	0	0	0	0
227763	A304-24	0	0	0	0	0	0	0	0	32111.0	0	0	0	0	0	0	0	0	0	0	0	0	0	0	0	0	0	0	0	0
227678	A218-24	0	0	0	0	0	0	0	0	33597.0	0	0	0	0	0	0	0	0	0	0	0	0	0	0	0	0	0	0	0	0
227523	A073-24	0	0	0	0	0	0	0	0	56446.0	0	0	0	0	0	0	0	0	0	0	0	0	0	0	0	0	0	0	0	0
227526	A076-24	0	0	0	0	0	0	0	0	49513.0	0	0	0	0	0	0	0	0	0	0	0	0	0	0	0	0	0	0	0	0
227751	A292-24	0	0	0	0	0	0	0	0	45178.0	0	0	0	0	0	0	0	0	0	0	0	0	0	0	0	0	0	0	0	0
227556	A105-20	0	0	0	0	0	0	0	0	58101.0	0	0	0	0	0	0	0	0	0	0	0	0	0	0	0	0	0	0	0	0
227665	A208-24	0	0	0	0	0	0	0	0	31973.0	0	0	0	0	0	0	0	0	0	0	0	0	0	0	0	0	0	0	0	0
227635	A179-24	0	0	0	0	0	0	0	0	38826.0	0	0	0	0	0	0	0	0	0	0	0	0	0	0	0	0	0	0	0	0
227708	A248-24	333.0	0	0	0	0	0	0	0	45684.0	0	0	0	0	0	0	0	0	0	0	0	0	0	0	0	0	0	0	0	0
227593	A137-24	0	0	0	0	0	0	0	0	51018.0	0	0	0	0	0	0	0	0	0	0	0	0	0	0	0	0	0	0	0	0
227483	A038-24	0	0	0	0	0	0	0	0	56324.0	0	0	0	0	0	0	0	0	0	0	0	0	0	0	0	0	0	0	0	0
227757	A298-24	0	0	0	0	0	0	0	0	47295.0	0	0	0	0	0	0	0	0	0	0	0	0	0	0	0	0	0	0	0	0
227765	A306-24	0	0	0	0	0	0	0	0	24753.0	0	0	0	0	0	0	0	0	0	0	0	0	0	0	0	0	0	0	0	0
227600	A144-24	0	0	0	0	0	0	0	0	47956.0	0	0	0	0	0	0	0	0	0	0	0	0	0	0	0	0	0	0	0	0
227660	A204-24	0	0	0	0	0	0	0	0	55539.0	0	0	0	0	0	0	0	0	0	0	0	0	0	0	0	0	0	0	0	0
227766	A307-24	0	0	0	0	0	0	0	0	30486.0	0	0	0	0	0	0	0	0	0	0	0	0	0	0	0	0	0	0	0	0
227659	A203-24	0	0	0	0	0	0	0	0	37397.0	0	0	0	0	0	0	0	0	0	0	0	0	0	0	0	0	0	0	0	0
227641	A185-24	0	0	0	0	0	0	0	0	37019.0	0	0	0	0	0	0	0	0	0	0	0	0	0	0	0	0	0	0	0	0
227658	A202-24	0	0	0	0	0	0	0	0	32494.0	0	0	0	0	0	0	0	0	0	0	0	0	0	0	0	0	0	0	0	0
227661	A205-24	0	0	0	0	0	0	0	0	49742.0	0	0	0	0	0	0	0	0	0	0	0	0	0	0	0	0	0	0	0	0
227507	A059-24	0	0	0	0	0	0	0	0	41655.0	0	0	0	0	0	0	0	0	0	0	0	0	0	0	0	0	0	0	0	0
227509	A061-24	0	0	0	0	0	0	0	0	58417.0	0	0	0	0	0	0	0	0	0	0	0	0	0	0	0	0	0	0	0	0
227614	A158-24	0	0	0	0	0	0	0	0	39156.0	0	0	0	0	0	0	0	0	0	0	0	0	0	0	0	0	0	0	0	0
227503	A055-24	0	0	0	0	0	0	0	0	34422.0	0	0	0	0	0	0	0	0	0	0	0	0	0	0	0	0	0	0	0	0
227590	A134-24	0	0	0	0	0	0	0	0	52494.0	0	0	0	0	0	0	0	0	0	0	0	0	0	0	0	0	0	0	0	0
227756	A297-24	0	0	0	0	0	0	0	0	49096.0	0	0	0	0	0	0	0	0	0	0	0	0	0	0	0	0	0	0	0	0
227649	A193-24	0	0	0	0	0	0	0	0	8732.0	0	0	0	0	0	0	0	0	0	0	0	0	0	0	0	0	0	0	0	0
227619	A163-24	0	0	0	0	0	0	0	0	45379.0	0	0	0	0	0	0	0	0	0	0	0	0	0	0	0	0	0	0	0	0
227553	A101-20	0	0	0	0	0	0	0	0	40525.0	0	0	0	0	0	0	0	0	0	0	0	0	0	0	0	0	0	0	0	0
227642	A186-24	0	0	0	0	0	0	0	0	32095.0	0	0	0	0	0	0	0	0	0	0	0	0	0	0	0	0	0	0	0	0
227596	A140-24	0	0	0	0	0	0	0	0	55139.0	0	0	0	0	0	0	0	0	0	0	0	0	0	0	0	0	0	0	0	0
227634	A178-24	0	0	0	0	0	0	0	0	17019.0	0	0	0	0	0	0	0	0	0	0	0	0	0	0	0	0	0	0	0	0
227560	A108-20	0	0	0	0	0	0	0	0	46079.0	0	0	0	0	0	0	0	0	0	0	0	0	0	0	0	0	0	0	0	0
227575	A121-24	0	0	0	0	0	0	0	0	42518.0	0	0	0	0	0	0	0	0	0	0	0	0	0	0	0	0	0	0	0	0
227760	A301-24	0	0	0	0	0	0	0	0	36271.0	0	0	0	0	0	0	0	0	0	0	0	0	0	0	0	0	0	0	0	0
227816	A356-24	0	0	0	0	0	0	0	0	15635.0	0	0	0	0	0	0	0	0	0	0	0	0	0	0	0	0	0	0	0	0
227746	A287-24	0	0	0	0	0	0	0	0	48448.0	0	0	0	0	0	0	0	0	0	0	0	0	0	0	0	0	0	0	0	0
227603	A147-24	0	0	0	0	0	0	0	0	60142.0	0	0	0	0	0	0	0	0	0	0	0	0	0	0	0	0	0	0	0	0
227705	A245-24	3287.0	0	0	0	0	0	0	0	63249.0	0	0	0	0	0	0	0	0	0	0	0	0	0	0	0	0	0	0	0	0
227589	A133-24	0	0	0	0	0	0	0	0	39053.0	0	0	0	0	0	0	0	0	0	0	0	0	0	0	0	0	0	0	0	0
227704	A244-24	4417.0	0	0	0	0	0	0	0	45212.0	0	0	0	0	0	0	0	0	0	0	0	0	0	0	0	0	0	0	0	0
227646	A190-24	0	0	0	0	0	0	0	0	31934.0	0	0	0	0	0	0	0	0	0	0	0	0	0	0	0	0	0	0	0	0
227762	A303-24	0	0	0	0	0	0	0	0	34387.0	0	0	0	0	0	0	0	0	0	0	0	0	0	0	0	0	0	0	0	0
227604	A148-24	0	0	0	0	0	0	0	0	40659.0	0	0	0	0	0	0	0	0	0	0	0	0	0	0	0	0	0	0	0	0
227505	A057-24	0	0	0	0	0	0	0	0	61143.0	0	0	0	0	0	0	0	0	0	0	0	0	0	0	0	0	0	0	0	0
227774	A315-24	0	0	0	0	0	0	0	0	42400.0	0	0	0	0	0	0	0	0	0	0	0	0	0	0	0	0	0	0	0	0
227597	A141-24	0	0	0	0	0	0	0	0	54008.0	0	0	0	0	0	0	0	0	0	0	0	0	0	0	0	0	0	0	0	0
227769	A310-24	0	0	0	0	0	0	0	0	42710.0	0	0	0	0	0	0	0	0	0	0	0	0	0	0	0	0	0	0	0	0
227814	A354-24	0	0	0	0	0	0	0	0	47257.0	0	0	0	0	0	0	0	0	0	0	0	0	0	0	0	0	0	0	0	0
227817	A357-24	0	0	0	0	0	0	0	0	36261.0	0	0	0	0	0	0	0	0	0	0	0	0	0	0	0	0	0	0	0	0
227583	A127-24b	0	0	0	0	0	0	0	0	35412.0	0	0	0	0	0	0	0	0	0	0	0	0	0	0	0	0	0	0	0	0
227754	A295-24	0	0	0	0	0	0	0	0	28093.0	0	0	0	0	0	0	0	0	0	0	0	0	0	0	0	0	0	0	0	0
227764	A305-24	0	0	0	0	0	0	0	0	36697.0	0	0	0	0	0	0	0	0	0	0	0	0	0	0	0	0	0	0	0	0
227636	A180-24	0	0	0	0	0	0	0	0	37139.0	0	0	0	0	0	0	0	0	0	0	0	0	0	0	0	0	0	0	0	0
227515	A066-20	0	0	0	0	0	0	0	0	48780.0	0	0	0	0	0	0	0	0	0	0	0	0	0	0	0	0	0	0	0	0
227623	A167-24	0	0	0	0	0	0	0	0	40999.0	0	0	0	0	0	0	0	0	0	0	0	0	0	0	0	0	0	0	0	0
227618	A162-24	0	0	0	0	0	0	0	0	34836.0	0	0	0	0	0	0	0	0	0	0	0	0	0	0	0	0	0	0	0	0
227773	A314-24	0	0	0	0	0	0	0	0	51461.0	0	0	0	0	0	0	0	0	0	0	0	0	0	0	0	0	0	0	0	0
227565	A112-20	0	0	0	0	0	0	0	0	45211.0	0	0	0	0	0	0	0	0	0	0	0	0	0	0	0	0	0	0	0	0
227535	A084-20	0	0	0	0	0	0	0	0	40885.0	0	0	0	0	0	0	0	0	0	0	0	0	0	0	0	0	0	0	0	0
227543	A091-20	0	0	0	0	0	0	0	0	33696.0	0	0	0	0	0	0	0	0	0	0	0	0	0	0	0	0	0	0	0	0
227622	A166-24	0	0	0	0	0	0	0	0	37654.0	0	0	0	0	0	0	0	0	0	0	0	0	0	0	0	0	0	0	0	0
227710	A250-24	0	0	0	0	0	0	0	0	35680.0	0	0	0	0	0	0	0	0	0	0	0	0	0	0	0	0	0	0	0	0
227532	A082-20	0	0	0	0	0	0	0	0	43094.0	0	0	0	0	0	0	0	0	0	0	0	0	0	0	0	0	0	0	0	0
227753	A294-24	0	0	0	0	0	0	0	0	21370.0	0	0	0	0	0	0	0	0	0	0	0	0	0	0	0	0	0	0	0	0
227605	A149-24	0	0	0	0	0	0	0	0	34012.0	0	0	0	0	0	0	0	0	0	0	0	0	0	0	0	0	0	0	0	0
227712	A252-24	0	0	0	0	0	0	0	0	30871.0	0	0	0	0	0	0	0	0	0	0	0	0	0	0	0	0	0	0	0	0
227482	A038-20	0	0	0	0	0	0	0	0	41050.0	0	0	0	0	0	0	0	0	0	0	0	0	0	0	0	0	0	0	0	0
227629	A173-24	0	0	0	0	0	0	0	0	36715.0	0	0	0	0	0	0	0	0	0	0	0	0	0	0	0	0	0	0	0	0
227625	A169-24	0	0	0	0	0	0	0	0	42589.0	0	0	0	0	0	0	0	0	0	0	0	0	0	0	0	0	0	0	0	0
227513	A065-20	0	0	0	0	0	0	0	0	36673.0	0	0	0	0	0	0	0	0	0	0	0	0	0	0	0	0	0	0	0	0
227663	A207-20	0	0	0	0	0	0	0	0	32102.0	0	0	0	0	0	0	0	0	0	0	0	0	0	0	0	0	0	0	0	0
227576	A122-20	0	0	0	0	0	0	0	0	46348.0	0	0	0	0	0	0	0	0	0	0	0	0	0	0	0	0	0	0	0	0
227632	A176-24	0	0	0	0	0	0	0	0	48952.0	0	0	0	0	0	0	0	0	0	0	0	0	0	0	0	0	0	0	0	0
227631	A175-24	0	0	0	0	0	0	0	0	34226.0	0	0	0	0	0	0	0	0	0	0	0	0	0	0	0	0	0	0	0	0
227637	A181-24	0	0	0	0	0	0	0	0	38943.0	0	0	0	0	0	0	0	0	0	0	0	0	0	0	0	0	0	0	0	0
227630	A174-24	0	0	0	0	0	0	0	0	44303.0	0	0	0	0	0	0	0	0	0	0	0	0	0	0	0	0	0	0	0	0
227628	A172-24	0	0	0	0	0	0	0	0	36080.0	0	0	0	0	0	0	0	0	0	0	0	0	0	0	0	0	0	0	0	0
227653	A197-24	0	0	0	0	0	0	0	0	41133.0	0	0	0	0	0	0	0	0	0	0	0	0	0	0	0	0	0	0	0	0
227713	A253-24	0	0	0	0	0	0	0	0	46377.0	0	0	0	0	0	0	0	0	0	0	0	0	0	0	0	0	0	0	0	0
227624	A168-24	0	0	0	0	0	0	0	0	32271.0	0	0	0	0	0	0	0	0	0	0	0	0	0	0	0	0	0	0	0	0
227651	A195-24	0	0	0	0	0	0	0	0	35773.0	0	0	0	0	0	0	0	0	0	0	0	0	0	0	0	0	0	0	0	0
227657	A201-24	0	0	0	0	0	0	0	0	31888.0	0	0	0	0	0	0	0	2659.0	0	0	0	0	0	0	0	0	0	0	0	0
227716	A257-24	0	0	0	0	0	0	0	0	0	73790.0	0	0	0	0	0	0	0	0	0	0	0	0	0	0	0	0	0	0	0
227485	A039-24	0	0	0	0	0	0	0	0	0	50536.0	0	0	0	0	0	0	0	0	0	0	0	0	0	0	0	0	0	0	0
227533	A082-24	0	0	0	0	0	0	0	0	0	31306.0	0	0	0	0	0	0	0	0	0	0	0	0	0	0	0	0	0	0	0
227527	A077-24	0	0	0	0	0	0	0	0	0	65221.0	0	0	0	0	0	0	0	0	0	0	0	0	0	0	0	0	0	0	0
227776	A317-24	0	0	0	0	0	0	0	0	0	44196.0	0	0	0	0	0	0	0	0	0	0	0	0	0	0	0	0	0	0	0
227540	A088-24	0	0	0	0	0	0	0	0	0	52324.0	0	0	0	0	0	0	0	0	0	0	0	0	0	0	0	0	0	0	0
227536	A084-24	0	0	0	0	0	0	0	0	0	69239.0	0	0	0	0	0	0	0	0	0	0	0	0	0	0	0	0	0	0	0
227537	A085-24	0	0	0	0	0	0	0	0	0	61984.0	0	0	0	0	0	0	0	0	0	0	0	0	0	0	0	0	0	0	0
227529	A079-24	0	0	0	0	0	0	0	0	0	51202.0	0	0	0	0	0	0	0	0	0	0	0	0	0	0	0	0	0	0	0
227506	A058-24	0	0	0	0	0	0	0	0	0	60612.0	0	0	0	0	0	0	0	0	0	0	0	0	0	0	0	0	0	0	0
227729	A270-24	0	0	0	0	0	0	0	0	0	47197.0	0	0	0	0	0	0	1258.0	0	0	0	0	0	0	0	0	0	0	0	0
227767	A308-24	0	0	0	0	0	0	0	0	0	57086.0	0	0	0	0	0	0	0	0	0	0	0	0	0	0	0	0	0	0	0
227771	A312-24	0	0	0	0	0	0	0	0	0	39943.0	0	0	0	0	0	0	0	0	0	0	0	0	0	0	0	0	0	0	0
227726	A267-24	0	0	0	0	0	0	0	0	0	34454.0	0	0	0	0	0	0	0	0	0	0	0	0	0	0	0	0	0	0	0
227806	A347-24	0	0	0	0	0	0	0	0	0	65085.0	0	0	0	0	0	0	0	0	0	0	0	0	0	0	0	0	0	0	0
227795	A336-24	0	0	0	0	0	0	0	0	0	45677.0	0	0	0	0	0	0	0	0	0	0	0	0	0	0	0	0	0	0	0
227572	A118-24	0	0	0	0	0	0	0	0	0	62869.0	0	0	0	0	0	0	0	0	0	0	0	0	0	0	0	0	0	0	0
227802	A343-24	0	0	0	0	0	0	0	0	0	49429.0	0	0	0	0	0	0	0	0	0	0	0	0	0	0	0	0	0	0	0
227744	A285-24	0	0	0	0	0	0	0	0	0	60854.0	0	0	0	0	0	0	0	0	0	0	0	0	0	0	0	0	0	0	0
227494	A047-24	0	0	0	0	0	0	0	0	0	59624.0	0	0	0	0	0	0	0	0	0	0	0	0	0	0	0	0	0	0	0
227528	A078-24	0	0	0	0	0	0	0	0	0	76050.0	0	0	0	0	0	0	0	0	0	0	0	0	0	0	0	0	0	0	0
227544	A091-24	0	0	0	0	0	0	0	0	0	57844.0	0	0	0	0	0	0	0	0	0	0	0	0	0	0	0	0	0	0	0
227786	A327-24	0	0	0	0	0	0	0	0	0	41888.0	0	0	0	0	0	0	0	0	0	0	0	0	0	0	0	0	0	0	0
227718	A259-24	0	0	0	0	0	0	0	0	0	81800.0	0	0	0	0	0	0	0	0	0	0	0	0	0	0	0	0	0	0	0
227723	A264-24	0	0	0	0	0	0	0	0	0	40045.0	0	0	0	0	0	0	0	0	0	0	0	0	0	0	0	0	0	0	0
227520	A070-24	0	0	0	0	0	0	0	0	0	55835.0	0	0	0	0	0	0	0	0	0	0	0	0	0	0	0	0	0	0	0
227486	A040-24	0	0	0	0	0	0	0	0	0	86279.0	0	0	0	0	0	0	0	0	0	0	0	0	0	0	0	0	0	0	0
227517	A067-24	0	0	0	0	0	0	0	0	0	49837.0	0	0	0	0	0	0	0	0	0	0	0	0	0	0	0	0	0	0	0
227580	A125-24	0	0	0	0	0	0	0	0	0	48492.0	0	0	0	0	0	0	0	0	0	0	0	0	0	0	0	0	0	0	0
227490	A043-24	0	0	0	0	0	0	0	0	0	57966.0	0	0	0	0	0	0	0	0	0	0	0	0	0	0	0	0	0	0	0
227500	A052-24	0	0	0	0	0	0	0	0	0	54502.0	0	0	0	0	0	0	0	0	0	0	0	0	0	0	0	0	0	0	0
227607	A151-24	0	0	0	0	0	0	0	0	0	31974.0	0	0	0	0	0	0	0	0	0	0	0	0	0	0	0	0	0	0	0
227489	A043-20	0	0	0	0	0	0	0	0	0	41436.0	0	0	0	0	0	0	0	0	0	0	0	0	0	0	0	0	0	0	0
227497	A049-24	0	0	0	0	0	0	0	0	0	66799.0	0	0	0	0	0	0	0	0	0	0	0	0	0	0	0	0	0	0	0
227794	A335-24	0	0	0	0	0	0	0	0	0	47325.0	0	0	0	0	0	0	0	0	0	0	0	0	0	0	0	0	0	0	0
227793	A334-24	0	0	0	0	0	0	0	0	0	43285.0	0	0	0	0	0	0	0	0	0	0	0	0	0	0	0	0	0	0	0
227693	A233-24	0	208.0	0	0	0	0	0	0	0	28912.0	0	0	0	0	0	0	0	0	0	0	0	0	0	0	0	0	0	0	0
227668	A210-24	0	0	0	0	0	0	0	0	0	40303.0	0	0	0	0	0	0	0	0	0	0	0	0	0	0	0	0	0	0	0
227800	A341-24	0	0	0	0	0	0	0	0	0	38304.0	0	0	0	0	0	0	0	0	0	0	0	0	0	0	0	0	0	0	0
227719	A260-24	0	0	0	0	0	0	0	0	0	39848.0	0	0	0	0	0	0	0	0	0	0	0	0	0	0	0	0	0	0	0
227495	A048-24	0	0	0	0	0	0	0	0	0	49528.0	0	0	0	0	0	0	0	0	0	0	0	0	0	0	0	0	0	0	0
227734	A275-24	0	0	0	0	0	0	0	0	0	54023.0	0	0	0	0	0	0	0	0	0	0	0	0	0	0	0	0	0	0	0
227761	A302-24	0	0	0	0	0	0	0	0	0	32075.0	0	0	0	0	0	0	0	0	0	0	0	0	0	0	0	0	0	0	0
227670	A212-24	0	0	0	0	0	0	0	0	0	29553.0	0	0	0	0	0	0	0	0	0	0	0	0	0	0	0	0	0	0	0
227488	A042-24	0	0	0	0	0	0	0	0	0	53815.0	0	0	0	0	0	0	0	0	0	0	0	0	0	0	0	0	0	0	0
227493	A046-24	0	0	0	0	0	0	0	0	0	36598.0	0	0	0	0	0	0	0	0	0	0	0	0	0	0	0	0	0	0	0
227534	A083-24	0	0	0	0	0	0	0	0	0	27489.0	0	0	0	0	0	0	0	0	0	2725.0	0	0	0	0	0	0	0	0	0
227491	A044-24	0	0	0	0	0	0	0	0	0	54577.0	0	0	0	0	0	0	0	0	0	0	0	0	0	0	0	0	0	0	0
227499	A051-24	0	0	0	0	0	0	0	0	0	38870.0	0	0	0	0	0	0	0	0	0	0	0	0	0	0	0	0	0	0	0
227585	A129-24	0	0	0	0	0	0	0	0	0	62902.0	0	0	0	0	0	0	0	0	0	0	0	0	0	0	0	0	0	0	0
227748	A289-24	0	0	0	0	0	0	0	0	0	40818.0	0	0	0	0	0	0	0	0	0	0	0	0	0	0	0	0	0	0	0
227498	A050-24	0	0	0	0	0	0	0	0	0	43787.0	0	0	0	0	0	0	0	0	0	0	0	0	0	0	0	0	0	0	0
227595	A139-24	0	0	0	0	0	0	0	0	0	50550.0	0	0	0	0	0	0	0	0	0	0	0	0	0	0	0	0	0	0	0
227519	A069-24	0	0	0	0	0	0	0	0	0	56875.0	0	0	0	0	0	0	0	0	0	0	0	0	0	0	0	0	0	0	0
227669	A211-24	0	0	0	0	0	0	0	0	0	24704.0	0	0	0	0	0	0	0	0	0	0	0	0	0	0	0	0	0	0	0
227501	A053-24	0	0	0	0	0	0	0	0	0	63412.0	0	0	0	0	0	0	0	0	0	0	0	0	0	0	0	0	0	0	0
227487	A041-24	0	0	0	0	0	0	0	0	0	49892.0	0	0	0	0	0	0	0	0	0	0	0	0	0	0	0	0	0	0	0
227531	A081-24	0	0	0	0	0	0	0	0	0	34958.0	0	0	0	0	0	0	0	0	0	0	0	0	0	0	0	0	0	0	0
227516	A066-24	0	0	0	0	0	0	0	0	0	42751.0	0	0	0	0	0	0	0	0	0	0	0	0	0	0	0	0	0	0	0
227666	A209-24	0	0	0	0	0	0	0	0	0	15708.0	0	0	0	0	0	0	0	0	0	0	0	0	0	0	0	0	0	0	0
227518	A068-24	0	0	0	0	0	0	0	0	0	49849.0	0	0	0	0	0	0	0	0	0	0	0	0	0	0	0	0	0	0	0
227582	A127-24	0	0	0	0	0	0	0	0	0	43832.0	0	0	0	0	0	0	0	0	0	0	0	0	0	0	0	0	0	0	0
227747	A288-24	0	0	0	0	0	0	0	0	0	16787.0	0	0	0	0	0	0	0	0	0	0	0	0	0	0	0	0	0	0	0
227811	A352-24	0	0	0	0	0	0	0	0	0	45602.0	0	0	0	0	0	0	0	0	0	0	0	0	0	0	0	0	0	0	0
227654	A198-24	0	0	0	0	0	0	0	0	0	14725.0	0	0	0	0	0	0	0	0	0	0	0	0	0	0	0	0	0	0	0
227736	A277-24	0	0	0	0	0	0	0	0	0	43981.0	0	0	0	0	0	0	0	0	0	0	0	0	0	0	0	0	0	0	0
227616	A160-24	0	0	0	0	0	0	0	0	0	45604.0	0	0	0	0	0	0	0	0	0	0	0	0	0	0	0	0	0	0	0
227813	A353-24	0	0	0	0	0	0	0	0	0	41364.0	0	0	0	0	0	0	0	0	0	0	0	0	0	0	0	0	0	0	0
227664	A207-24	0	0	0	0	0	0	0	0	0	48122.0	0	0	0	0	0	0	0	0	0	0	0	0	0	0	0	0	0	0	0
227652	A196-24	0	0	0	0	0	0	0	0	0	23288.0	0	0	0	0	0	0	0	0	0	0	0	0	0	0	0	0	0	0	0
227508	A060-24	0	0	0	0	0	0	0	0	0	49078.0	0	0	0	0	0	0	0	0	0	0	0	0	0	0	0	0	0	0	0
227812	A352-24b	0	0	0	0	0	0	0	0	0	14579.0	0	0	0	0	0	0	0	0	0	0	0	0	0	0	0	0	0	0	0
227502	A054-24	0	0	0	0	0	0	0	0	0	22006.0	0	0	0	0	0	0	0	0	0	0	0	0	0	0	0	0	0	0	0
227538	A086-24	0	0	0	0	0	0	268.0	0	0	30269.0	0	0	0	0	0	0	0	0	0	0	0	0	0	0	0	0	0	0	0
227601	A145-24	0	0	0	0	0	0	0	0	0	42155.0	0	0	0	0	0	0	0	0	0	0	0	0	0	0	0	0	0	0	0
227731	A272-24	0	0	0	0	0	0	0	0	0	36010.0	0	0	0	0	0	0	0	0	0	0	0	0	0	0	0	0	0	0	0
227758	A299-24	0	0	0	0	0	0	0	0	0	34677.0	0	0	0	0	0	0	0	0	0	0	0	0	0	0	0	0	0	0	0
227750	A291-24	0	0	0	0	0	0	0	0	0	32921.0	0	0	0	0	0	0	0	0	0	0	0	0	0	0	0	0	0	0	0
227609	A153-24	0	0	0	0	0	0	0	0	0	41625.0	0	0	0	0	0	0	0	0	0	0	0	0	0	0	0	0	0	0	0
227639	A183-24	0	0	0	0	0	0	0	0	0	43292.0	0	0	0	0	0	0	0	0	0	0	0	0	0	0	0	0	0	0	0
227645	A189-24	0	0	0	0	0	0	0	0	0	30336.0	0	0	0	0	0	0	0	0	0	0	0	0	0	0	0	0	0	0	0
227677	A218-20	0	0	0	0	0	0	0	0	0	34809.0	0	0	0	0	0	0	0	0	0	0	0	0	0	0	0	0	0	0	0
227638	A182-24	0	0	0	0	0	0	0	0	0	48052.0	0	0	0	0	0	0	0	0	0	0	0	0	0	0	0	0	0	0	0
227674	A216-20	0	0	0	0	0	0	0	0	0	46893.0	0	0	0	0	0	0	3428.0	0	0	0	0	0	0	0	0	0	0	0	0
227711	A251-24	0	0	0	0	0	0	0	0	0	36341.0	0	0	0	0	0	0	0	0	0	0	0	0	0	0	0	0	0	0	0
227627	A171-24	0	0	0	0	0	0	0	0	0	25196.0	0	0	0	0	0	0	0	0	0	0	0	0	0	0	0	0	0	0	0
227667	A210-20	0	0	0	0	0	0	0	0	0	40901.0	0	0	0	0	0	0	0	0	0	0	0	0	0	0	0	0	0	0	0
227815	A355-24	0	0	0	0	0	0	0	0	0	30061.0	0	0	0	0	0	0	0	0	0	0	0	0	0	0	0	0	0	0	0
227478	A034-24	0	0	0	0	0	0	0	0	0	0	68983.0	0	0	0	0	0	0	0	0	0	0	0	0	0	0	0	0	0	0
227464	A019-24	0	0	0	0	0	0	0	0	0	0	48007.0	0	0	0	0	0	0	0	0	0	0	0	0	0	0	0	0	0	0
227468	A024-24	0	0	0	0	0	0	0	0	0	0	54047.0	0	0	0	0	0	0	0	0	0	0	0	0	0	0	0	0	0	0
227467	A023-24	0	0	0	0	0	0	0	0	0	0	41685.0	0	0	0	0	0	0	0	0	0	0	0	0	0	0	0	0	0	0
227480	A036-24	0	0	0	0	0	0	0	0	0	0	72101.0	0	0	0	0	0	0	0	0	0	0	0	0	0	0	0	0	0	0
227461	A016-24	0	0	0	0	0	0	0	0	0	0	61380.0	0	0	0	0	0	0	0	0	0	0	0	0	0	0	0	0	0	0
227475	A031-24	0	0	0	0	0	0	0	0	0	0	62379.0	0	0	0	0	0	0	0	0	0	0	0	0	0	0	0	0	0	0
227459	A014-24	0	0	0	0	0	0	0	0	0	0	51961.0	0	0	0	0	0	0	0	0	0	0	0	0	0	0	0	0	0	0
227471	A027-24	0	0	0	0	0	0	0	0	0	0	66771.0	0	0	0	0	0	0	0	0	0	0	0	0	0	0	0	0	0	0
227476	A032-24	0	0	0	0	0	0	0	0	0	0	35299.0	0	0	0	0	0	0	0	0	0	0	0	0	0	0	0	0	0	0
227465	A020-24	0	0	0	0	0	0	0	0	0	0	62335.0	0	0	0	0	0	0	0	0	0	0	0	0	0	0	0	0	0	0
227462	A017-24	0	0	191.0	0	0	0	0	0	0	0	50121.0	0	0	0	0	0	0	0	0	0	0	0	0	0	0	0	0	0	0
227450	A005-24	0	0	0	0	0	0	0	0	0	0	53700.0	0	0	0	0	0	0	0	0	0	0	0	0	0	0	0	0	0	0
227477	A033-24	0	0	0	0	0	0	0	0	0	0	65901.0	0	0	0	0	0	0	0	0	0	0	0	0	0	0	0	0	0	0
227448	A003-24	0	0	0	0	0	0	0	0	0	0	46370.0	0	0	0	0	0	0	0	0	0	0	0	0	0	0	0	0	0	0
227447	A002-24	0	0	0	0	0	0	0	0	0	0	51226.0	0	0	0	0	0	0	0	0	0	0	0	0	0	0	0	0	0	0
227474	A030-24	0	0	0	0	0	0	0	0	0	0	48528.0	0	0	0	0	0	0	0	0	0	0	0	0	0	0	0	0	0	0
227466	A021-24	0	0	0	0	0	0	0	0	0	0	80681.0	0	0	0	0	0	0	0	0	0	0	0	0	0	0	0	0	0	0
227457	A012-24	0	0	0	0	0	0	0	0	0	0	49985.0	0	0	0	0	0	0	0	0	0	0	0	0	0	0	0	0	0	0
227446	A001-24	0	0	0	0	0	0	0	0	0	0	59153.0	0	0	0	0	0	0	0	0	0	0	0	0	0	0	0	0	0	0
227449	A004-24	0	0	0	0	0	0	0	0	0	0	49128.0	0	0	0	0	0	0	0	0	0	0	0	0	0	0	0	0	0	0
227451	A006-24	0	0	0	0	0	0	0	0	0	0	45054.0	0	0	0	0	0	0	0	0	0	0	0	0	0	0	0	0	0	0
227470	A026-24	0	0	0	0	0	0	0	0	0	0	52679.0	0	0	0	0	0	0	0	0	0	0	0	0	0	0	0	0	0	0
227455	A010-24	0	0	0	0	0	0	0	0	0	0	55489.0	0	0	0	0	0	0	0	0	0	0	0	0	0	0	0	0	0	0
227453	A008-24	0	0	0	0	0	0	0	0	0	0	33499.0	0	0	0	0	0	0	0	0	0	0	0	0	0	0	0	0	0	0
227454	A009-24	0	0	0	0	0	0	0	0	0	0	46836.0	0	0	0	0	0	0	0	0	0	0	0	0	0	0	0	0	0	0
227473	A029-24	0	0	0	0	0	0	0	0	0	0	53339.0	0	0	0	0	0	0	0	0	0	0	0	0	0	0	0	0	0	0
227452	A007-24	0	0	0	0	0	0	0	0	0	0	47932.0	0	0	0	0	0	0	0	0	0	0	0	0	0	0	0	0	0	0
227456	A011-24	0	0	0	0	0	0	0	0	0	0	48752.0	0	0	0	0	0	0	0	0	0	0	0	0	0	0	0	0	0	0
227481	A037-24	0	0	0	0	0	0	0	0	0	0	65230.0	0	0	0	0	0	0	0	0	0	0	0	0	0	0	0	0	0	0
227479	A035-24	0	0	0	0	0	0	0	0	0	0	39268.0	0	0	0	0	0	0	0	0	0	0	0	0	0	0	0	0	0	0
227458	A013-24	0	0	0	0	0	0	0	0	0	0	51283.0	0	0	0	0	0	0	0	0	0	0	0	0	0	0	0	0	0	0
227463	A018-24	0	0	0	0	0	0	0	0	0	0	38390.0	0	0	0	0	0	0	0	0	0	0	0	0	0	0	0	0	0	0
227472	A028-24	0	0	0	0	0	0	0	0	0	0	15642.0	0	0	0	0	0	0	0	0	0	0	0	0	0	0	0	0	0	0
227469	A025-24	0	0	0	0	0	0	0	38388.0	0	0	49786.0	0	0	0	0	0	0	0	0	0	0	0	0	0	0	0	0	0	0
227542	A090-24	0	0	0	0	0	0	0	0	0	0	0	48972.0	0	0	0	0	0	0	0	0	0	0	0	0	0	0	0	0	0
227539	A087-24	0	0	0	0	0	0	0	0	0	0	0	54787.0	0	0	0	0	0	0	0	0	0	0	0	0	0	0	0	0	0
227546	A093-24	0	0	0	0	0	0	0	0	0	0	0	66838.0	0	0	0	0	0	0	0	0	0	0	0	0	0	0	0	0	0
227681	A221-24	0	0	0	0	0	0	0	0	0	0	0	52170.0	0	0	0	0	0	0	0	0	0	0	0	0	0	0	0	0	0
227541	A089-24	0	0	0	0	0	0	0	0	0	0	0	39348.0	0	0	0	0	0	0	0	0	0	0	0	0	0	0	0	0	0
227680	A220-24	0	0	0	0	0	0	0	0	0	0	0	22035.0	0	0	0	0	0	0	0	0	0	0	0	0	0	0	0	0	0
227672	A214-24	0	0	0	0	0	0	0	0	0	0	0	39163.0	0	0	0	0	0	0	0	0	0	0	0	0	0	0	0	0	0
227547	A094-24	0	0	0	0	0	286.0	0	0	0	0	0	47270.0	0	0	0	0	0	0	0	0	0	0	0	0	0	0	0	0	0
227530	A080-24	0	0	0	0	0	0	0	0	0	0	0	54461.0	0	0	0	0	0	0	0	0	0	0	0	0	0	0	0	0	0
227671	A213-24	0	0	0	0	0	0	0	0	0	0	0	31176.0	0	0	0	0	0	0	0	0	0	0	0	0	0	0	0	0	0
227676	A217-24	0	0	0	0	0	0	0	0	0	0	0	22503.0	0	0	0	0	0	0	0	0	0	0	0	0	0	0	0	0	0
227675	A216-24	0	0	0	0	0	0	0	0	0	0	0	23657.0	0	0	0	0	0	0	0	0	0	0	0	0	0	0	0	0	0
227673	A215-24	0	0	0	0	0	0	0	0	0	0	0	25023.0	0	0	0	0	0	0	0	0	0	0	0	0	0	0	0	0	0
227682	A222-24	0	0	0	0	0	0	0	0	0	0	0	25294.0	0	0	0	0	0	0	0	0	0	0	0	0	0	0	0	0	0
227496	A049-20	0	0	0	0	0	0	0	0	0	0	0	38521.0	0	0	0	0	0	0	0	0	0	0	0	0	0	0	0	0	0
227548	A095-24	0	0	0	0	0	0	0	0	0	0	0	30484.0	0	0	0	0	0	0	0	0	0	0	0	0	0	0	0	0	0
227698	A238-24	0	0	0	0	0	0	0	0	0	0	0	0	29750.0	0	0	0	0	0	0	0	0	0	0	0	0	0	0	0	0
227700	A240-24	0	0	0	0	0	0	0	0	0	0	0	0	36757.0	0	0	0	0	0	0	0	0	0	0	0	0	0	0	0	0
227695	A235-24	0	0	0	0	0	0	0	0	0	0	0	0	34951.0	0	0	0	0	0	0	0	0	0	0	0	0	0	0	0	0
227691	A231-24	464.0	0	0	0	0	0	0	0	0	0	0	0	49657.0	0	0	0	0	0	0	0	0	0	0	0	0	0	0	0	0
227706	A246-24	0	0	0	334.0	0	0	0	0	0	0	0	0	49559.0	0	0	0	0	0	0	0	0	0	0	0	0	0	0	0	0
227689	A229-24	0	0	0	0	0	0	0	0	0	0	0	0	58181.0	0	0	0	0	0	0	0	0	0	0	0	0	0	0	0	0
227688	A228-24	0	0	0	0	0	0	0	0	0	0	0	0	48398.0	0	0	0	0	0	0	0	0	0	0	0	0	0	0	0	0
227818	AMIL001-24	0	768.0	0	0	0	0	0	0	0	0	0	0	48162.0	0	0	0	0	0	0	0	0	0	0	0	0	0	0	0	201.0
227694	A234-24	0	241.0	0	0	0	0	0	0	0	0	0	0	31113.0	0	0	0	0	0	0	0	0	0	0	0	0	0	0	0	0
227820	AMIL003-24	0	0	0	0	0	0	0	0	0	0	0	0	64050.0	0	0	0	0	0	0	0	0	0	0	0	0	0	0	0	0
227819	AMIL002-24	0	0	0	0	0	0	0	0	0	0	0	0	48483.0	0	0	0	0	0	0	0	0	0	0	0	0	0	0	0	0
227699	A239-24	3224.0	0	0	0	0	0	0	0	0	0	0	0	16584.0	0	0	0	0	0	0	0	0	0	0	0	0	0	0	0	0
227702	A242-24	53869.0	0	0	0	0	0	0	0	0	0	0	0	75609.0	0	0	0	0	0	0	0	0	0	0	0	0	0	0	0	0
227707	A247-24	0	0	0	0	0	0	0	0	0	0	0	0	0	13210.0	0	0	0	0	0	0	0	0	0	0	0	0	0	0	0
227579	A124-24	0	0	0	0	0	0	0	0	0	0	0	0	0	18760.0	0	0	0	0	0	0	0	0	0	0	0	0	0	0	0
227724	A265-24	0	0	0	0	0	0	0	0	0	0	0	0	0	45144.0	0	0	0	0	0	0	0	0	0	0	0	0	0	0	0
227722	A263-24	0	0	0	0	0	0	0	0	0	0	0	0	0	61743.0	0	0	0	0	0	0	0	0	0	0	0	0	0	0	0
227559	A107-24	0	0	0	0	0	0	0	0	0	0	0	0	0	20435.0	0	0	0	0	0	0	0	0	0	0	0	0	0	0	0
227626	A170-24	0	0	0	0	0	0	0	0	0	0	0	0	0	17720.0	0	0	0	0	0	0	0	0	0	0	0	0	0	0	0
227650	A194-24	0	0	0	0	0	0	0	0	0	0	0	0	0	15076.0	0	0	0	0	0	0	0	0	0	0	0	0	0	0	0
227696	A236-24	0	0	0	0	0	0	0	0	0	0	0	0	0	22295.0	0	0	0	0	0	0	0	0	0	0	0	0	0	0	0
227648	A192-24	0	0	0	0	0	0	0	0	0	0	0	0	0	31389.0	0	0	0	0	0	0	0	0	0	0	0	0	0	0	0
227644	A188-24	0	0	0	0	0	0	0	0	0	0	0	0	0	25306.0	0	0	0	0	0	0	0	0	0	0	0	0	0	0	0
227715	A255-24	0	0	0	592.0	0	0	0	0	0	0	0	0	0	12913.0	0	0	0	0	0	0	0	0	0	0	0	0	0	0	0
227647	A191-24	0	0	0	0	0	0	0	0	0	0	0	0	0	402.0	0	0	0	0	0	0	0	0	0	0	0	0	0	0	0
227701	A241-24	0	0	0	0	0	0	0	0	0	0	0	0	0	1331.0	0	0	0	0	0	0	0	0	0	0	0	0	0	0	0
227709	A249-24	45100.0	0	0	0	0	0	0	0	0	0	0	0	29395.0	0	0	0	0	0	0	0	0	0	0	0	0	0	0	0	0
227692	A232-24	33849.0	0	0	0	0	0	0	0	0	25868.0	0	0	0	0	0	0	0	0	0	0	0	0	0	0	0	0	0	0	0
227703	A243-24	0	107735.0	0	0	0	0	0	0	0	0	0	0	0	0	0	0	0	0	0	0	0	0	0	0	0	3022.0	0	0	0
227697	A237-24	0	67663.0	0	0	0	0	0	0	0	21361.0	0	0	0	0	0	0	0	0	0	0	0	0	0	0	0	0	0	0	0
227690	A230-24	0	72421.0	0	0	0	0	0	0	0	0	0	0	31522.0	0	0	0	0	0	0	0	0	0	0	0	0	0	0	0	0
227484	A039-20	0	0	0	0	0	0	0	0	0	0	0	0	0	0	2881.0	38541.0	0	1154.0	0	0	0	0	0	0	0	0	0	0	0
227633	A177-24	0	0	0	0	0	0	0	0	0	0	0	0	0	0	3383.0	41735.0	0	0	0	0	0	0	0	0	0	0	0	0	0
227656	A200-24	0	0	0	0	0	0	0	0	0	0	0	0	0	0	3659.0	42496.0	0	0	0	0	0	0	0	0	0	0	0	0	0
227655	A199-24	0	0	0	0	0	0	0	0	0	0	0	0	0	0	2741.0	34892.0	0	0	0	0	0	0	0	0	0	0	0	0	0
227662	A206-24	0	0	0	0	0	0	0	0	0	0	0	0	0	0	2868.0	36105.0	0	3124.0	0	0	0	0	0	0	0	0	0	0	0
227821	AMIL004-24	0	0	0	0	0	0	0	0	0	0	0	0	0	0	0	0	0	0	0	0	28266.0	5988.0	0	0	0	0	0	0	0
227545	A092-24	0	0	0	0	64159.0	0	0	0	0	0	0	24810.0	0	0	0	0	0	0	0	0	0	0	0	0	0	0	0	0	0
227755	A296-24	0	0	0	0	0	0	0	0	0	0	0	0	0	0	2292.0	0	0	0	0	0	0	0	37115.0	0	0	0	0	0	0
227714	A254-24	0	0	0	0	0	0	0	0	0	0	0	0	0	0	1938.0	0	0	0	0	0	0	0	0	30519.0	0	0	0	0	0
227684	A224-24	0	0	212.0	0	0	0	0	0	0	0	0	0	0	0	1247.0	0	0	0	0	0	0	0	0	0	24453.0	0	0	0	0
227460	A015-24	0	0	0	0	0	0	0	0	0	0	0	0	0	0	0	0	0	0	0	0	0	0	0	0	0	0	66976.0	0	0
227568	A114-24	0	0	0	0	0	0	0	0	0	0	0	0	0	0	0	0	0	0	4092.0	0	0	0	0	0	0	0	0	34538.0	0
227598	A142-24	0	0	0	0	0	0	0	0	0	0	0	0	0	0	0	0	0	0	0	0	0	0	0	0	0	0	0	0	0
Sequence accession / SymPortal UID		883-2523-70639-914-57992	883-2523-70639	2111-4911-883	883-2523-57992	883-70639-965	883-70639	883-968-914-976	883-1847-57992	37/32-20940-72-858-20932-35-796-161	37/32-20940-72-35-796-161-20932-80	32/20905-20922-35-41-80-63350	21164/32-37-161-21165-796-21166-20940	20905/32-20922-35-41-58-80	37/32-72-161-35-796-20940-298-430		32-37-80-46-141-20940-71	41-2		37	20905	32-41-20905	62831	2-32-37-308-796-20940-4-72-827	32-858-37-80-20932-20940	32-69992-28-26-30-20940-29	37-32-20940-858-20932-72-796-35	20905-32-20922-35-41-80	1-2-32-69866-82-4-326-5	853-944-21094-21095-21096
Average defining sequence proportions and [stdev]		0.588[0.055]-0.244[0.093]-0.123[0.067]-0.025[0.011]-0.020[0.010]	0.669[0.074]-0.179[0.100]-0.152[0.079]	0.740[0.072]-0.130[0.103]-0.130[0.031]	0.601[0.086]-0.366[0.082]-0.033[0.004]	0.909[nan]-0.078[nan]-0.013[nan]	0.909[nan]-0.091[nan]	0.858[nan]-0.052[nan]-0.045[nan]-0.045[nan]	0.911[nan]-0.080[nan]-0.009[nan]	0.330[0.087]/0.274[0.098]-0.082[0.019]-0.069[0.026]-0.056[0.030]-0.051[0.014]-0.049[0.014]-0.047[0.016]-0.041[0.014]	0.329[0.084]/0.278[0.078]-0.080[0.019]-0.073[0.024]-0.058[0.015]-0.052[0.013]-0.050[0.016]-0.044[0.015]-0.037[0.014]	0.462[0.055]/0.327[0.053]-0.059[0.015]-0.056[0.012]-0.049[0.012]-0.036[0.005]-0.012[0.004]	0.327[0.079]/0.210[0.104]-0.157[0.061]-0.069[0.032]-0.068[0.040]-0.065[0.032]-0.064[0.039]-0.040[0.014]	0.387[0.050]/0.334[0.034]-0.088[0.024]-0.080[0.021]-0.046[0.008]-0.033[0.008]-0.033[0.006]	0.249[0.129]/0.193[0.079]-0.149[0.018]-0.090[0.027]-0.086[0.034]-0.081[0.015]-0.067[0.020]-0.048[0.035]-0.037[0.015]	0.699[0.172]/0.301[0.172]	0.540[0.057]-0.168[0.054]-0.076[0.006]-0.068[0.010]-0.062[0.006]-0.046[0.009]-0.039[0.005]	0.648[0.016]-0.352[0.016]	0.507[0.074]/0.493[0.074]	1.000[nan]	1.000[nan]	0.590[nan]-0.364[nan]-0.046[nan]	1.000[nan]	0.398[nan]-0.269[nan]-0.106[nan]-0.075[nan]-0.038[nan]-0.037[nan]-0.027[nan]-0.025[nan]-0.025[nan]	0.585[nan]-0.144[nan]-0.098[nan]-0.083[nan]-0.073[nan]-0.016[nan]	0.351[nan]-0.290[nan]-0.157[nan]-0.086[nan]-0.052[nan]-0.041[nan]-0.023[nan]	0.520[nan]-0.276[nan]-0.088[nan]-0.028[nan]-0.027[nan]-0.025[nan]-0.020[nan]-0.016[nan]	0.413[nan]-0.412[nan]-0.057[nan]-0.051[nan]-0.037[nan]-0.029[nan]	0.285[nan]-0.239[nan]-0.128[nan]-0.123[nan]-0.090[nan]-0.084[nan]-0.030[nan]-0.022[nan]	0.886[nan]-0.030[nan]-0.030[nan]-0.030[nan]-0.025[nan]
